time,s1,s2,s3,s4,s5,s6,s7,s8,s9,s10,s11,s12,s13,s14,s15,s16,s17,s18,s19,s20,s21,s22,s23,s24,s25,s26,s27,s28,s29,s30,s31,s32,s33,s34,s35,s36,s37,s38,s39,s40,s41,s42,s43,s44,s45,s46,s47,s48,s49,s50,s51,s52,s53,s54,s55,s56,s57,s58,s59,s60,s61,s62,s63,s64,s65,s66,s67,s68,s69,s70,s71,s72,s73,s74,s75,s76,s77,s78,s79,s80,s81,s82,s83,s84,s85,s86,s87,s88,s89,s90,s91,s92,s93,s94,s95,s96,s97,s98,s99,s100,s101,s102,s103,s104,s105,s106,s107,s108,s109,s110,s111,s112,s113,s114,s115,s116,s117,s118,s119,s120,s121,s122,s123,s124,s125,s126,s127,s128,s129,s130,s131,s132,s133,s134,s135,s136,s137,s138,s139,s140,s141,s142,s143,s144,s145,s146,s147,s148,s149,s150,s151,s152,s153,s154,s155,s156,s157,s158,s159,s160,s161,s162,s163,s164,s165,s166,s167,s168,s169,s170,s171,s172,s173,s174,s175,s176,s177,s178,s179,s180,s181,s182,s183,s184,s185,s186,s187,s188,s189,s190,s191,s192,s193,s194,s195,s196,s197,s198,s199,s200,s201,s202,s203,s204,s205,s206,s207,s208,s209,s210,s211,s212,s213,s214,s215,s216,s217,s218,s219,s220,s221,s222,s223,s224,s225,s226,s227,s228,s229,s230,s231,s232,s233,s234,s235,s236,s237,s238,s239,s240,s241,s242,s243,s244,s245,s246,s247,s248,s249,s250,s251,s252,s253,s254,s255,s256,s257,s258,s259,s260,s261,s262,s263,s264,s265,s266,s267,s268,s269,s270,s271,s272,s273,s274,s275,s276,s277,s278,s279,s280,s281,s282,s283,s284,s285,s286,s287,s288,s289,s290,s291,s292,s293,s294,s295,s296,s297,s298,s299,s300,s301,s302,s303,s304,s305,s306,s307,s308,s309,s310,s311,s312,s313,s314,s315,s316,s317,s318,s319,s320,s321,s322,s323,s324,s325,s326,s327,s328,s329,s330,s331,s332,s333,s334,s335,s336,s337,s338,s339,s340,s341,s342,s343,s344,s345,s346,s347,s348,s349,s350,s351,s352,s353,s354,s355,s356,s357,s358,s359,s360,s361,s362,s363,s364,s365,s366,s367,s368,s369,s370,s371,s372,s373,s374,s375,s376,s377,s378,s379,s380,s381,s382,s383,s384,s385,s386,s387,s388,s389,s390,s391,s392,s393,s394,s395,s396,s397,s398,s399,s400,s401,s402,s403,s404,s405,s406,s407,s408,s409,s410,s411,s412,s413,s414,s415,s416,s417,s418,s419,s420,s421,s422,s423,s424,s425,s426,s427,s428,s429,s430,s431,s432,s433,s434,s435,s436,s437,s438,s439,s440,s441,s442,s443,s444,s445,s446,s447,s448,s449,s450,s451,s452,s453,s454,s455,s456,s457,s458,s459,s460,s461,s462,s463,s464,s465,s466,s467,s468,s469,s470,s471,s472,s473,s474,s475,s476,s477,s478,s479,s480,s481,s482,s483,s484,s485,s486,s487,s488,s489,s490,s491,s492,s493,s494,s495,s496,s497,s498,s499,s500,s501,s502,s503,s504,s505,s506,s507,s508,s509,s510,s511,s512,s513,s514,s515,s516,s517,s518,s519,s520,s521,s522,s523,s524,s525,s526,s527,s528,s529,s530,s531,s532,s533,s534,s535,s536,s537,s538,s539,s540,s541,s542,s543,s544,s545,s546,s547,s548,s549,s550,s551,s552,s553,s554,s555,s556,s557,s558,s559,s560,s561,s562,s563,s564,s565,s566,s567,s568,s569,s570,s571,s572,s573,s574,s575,s576,s577,s578,s579,s580,s581,s582,s583,s584,s585,s586,s587,s588,s589,s590,s591,s592,s593,s594,s595,s596,s597,s598,s599,s600,s601,s602,s603,s604,s605,s606,s607,s608,s609,s610,s611,s612,s613,s614,s615,s616,s617,s618,s619,s620,s621,s622,s623,s624,s625,s626,s627,s628,s629,s630,s631,s632,s633,s634,s635,s636,s637,s638,s639,s640,s641,s642,s643,s644,s645,s646,s647,s648,s649,s650,s651,s652,s653,s654,s655,s656,s657,s658,s659,s660,s661,s662,s663,s664,s665,s666,s667,s668,s669,s670,s671,s672,s673,s674,s675,s676,s677,s678,s679,s680,s681,s682,s683,s684,s685,s686,s687,s688,s689,s690,s691,s692,s693,s694,s695,s696,s697,s698,s699,s700,s701,s702,s703,s704,s705,s706,s707,s708,s709,s710,s711,s712,s713,s714,s715,s716,s717,s718,s719,s720,s721,s722,s723,s724,s725,s726,s727,s728,s729,s730,s731,s732,s733,s734,s735,s736,s737,s738,s739,s740,s741,s742,s743,s744,s745,s746,s747,s748,s749,s750,s751,s752,s753,s754,s755,s756,s757,s758,s759,s760,s761,s762,s763,s764,s765,s766,s767,s768,s769,s770,s771,s772,s773,s774,s775,s776,s777,s778,s779,s780,s781,s782,s783,s784,s785,s786,s787,s788,s789,s790,s791,s792,s793,s794,s795,s796,s797,s798,s799,s800,s801,s802,s803,s804,s805,s806,s807,s808,s809,s810,s811,s812,s813,s814,s815,s816,s817,s818,s819,s820,s821,s822,s823,s824,s825,s826,s827,s828,s829,s830,s831,s832,s833,s834,s835,s836,s837,s838,s839,s840,s841,s842,s843,s844,s845,s846,s847,s848,s849,s850,s851,s852,s853,s854,s855,s856,s857,s858,s859,s860,s861,s862,s863,s864,s865,s866,s867,s868,s869,s870,s871,s872,s873,s874,s875,s876,s877,s878,s879,s880,s881,s882,s883,s884,s885,s886,s887,s888,s889,s890,s891,s892,s893,s894,s895,s896,s897,s898,s899,s900,s901,s902,s903,s904,s905,s906,s907,s908,s909,s910,s911,s912,s913,s914,s915,s916,s917,s918,s919,s920,s921,s922,s923,s924,s925,s926,s927,s928,s929,s930,s931,s932,s933,s934,s935,s936,s937,s938,s939,s940,s941,s942,s943,s944,s945,s946,s947,s948,s949,s950,s951,s952,s953,s954,s955,s956,s957,s958,s959,s960,s961,s962,s963,s964,s965,s966,s967,s968,s969,s970,s971,s972,s973,s974,s975,s976,s977,s978,s979,s980,s981,s982,s983,s984,s985,s986,s987,s988,s989,s990,s991,s992,s993,s994,s995,s996,s997,s998,s999,s1000,s1001,s1002,s1003,s1004,s1005,s1006,s1007,s1008,s1009,s1010,s1011,s1012,s1013,s1014,s1015,s1016,s1017,s1018,s1019,s1020,s1021,s1022,s1023,s1024,s1025,s1026,s1027,s1028,s1029,s1030,s1031,s1032,s1033,s1034,s1035,s1036,s1037,s1038,s1039,s1040,s1041,s1042,s1043,s1044,s1045,s1046,s1047,s1048,s1049,s1050,s1051,s1052,s1053,s1054,s1055,s1056,s1057,s1058,s1059,s1060,s1061,s1062,s1063,s1064,s1065,s1066,s1067,s1068,s1069,s1070,s1071,s1072,s1073,s1074,s1075,s1076,s1077,s1078,s1079,s1080,s1081,s1082,s1083,s1084,s1085,s1086,s1087,s1088,s1089,s1090,s1091,s1092,s1093,s1094,s1095,s1096,s1097,s1098,s1099,s1100,s1101,s1102,s1103,s1104,s1105,s1106,s1107,s1108,s1109,s1110,s1111,s1112,s1113,s1114,s1115,s1116,s1117,s1118,s1119,s1120,s1121,s1122,s1123,s1124,s1125,s1126,s1127,s1128,s1129,s1130,s1131,s1132,s1133,s1134,s1135,s1136,s1137,s1138,s1139,s1140,s1141,s1142,s1143,s1144,s1145,s1146,s1147,s1148,s1149,s1150,s1151,s1152,s1153,s1154,s1155,s1156,s1157,s1158,s1159,s1160,s1161,s1162,s1163,s1164,s1165,s1166,s1167,s1168,s1169,s1170,s1171,s1172,s1173,s1174,s1175,s1176,s1177,s1178,s1179,s1180,s1181,s1182,s1183,s1184,s1185,s1186,s1187,s1188,s1189,s1190,s1191,s1192,s1193,s1194,s1195,s1196,s1197,s1198,s1199,s1200,s1201,s1202,s1203,s1204,s1205,s1206,s1207,s1208,s1209,s1210,s1211,s1212,s1213,s1214,s1215,s1216,s1217,s1218,s1219,s1220,s1221,s1222,s1223,s1224,s1225,s1226,s1227,s1228,s1229,s1230,s1231,s1232,s1233,s1234,s1235,s1236,s1237,s1238,s1239,s1240,s1241,s1242,s1243,s1244,s1245,s1246,s1247,s1248,s1249,s1250,s1251,s1252,s1253,s1254,s1255,s1256,s1257,s1258,s1259,s1260,s1261,s1262,s1263,s1264,s1265,s1266,s1267,s1268,s1269,s1270,s1271,s1272,s1273,s1274,s1275,s1276,s1277,s1278,s1279,s1280,s1281,s1282,s1283,s1284,s1285,s1286,s1287,s1288,s1289,s1290,s1291,s1292,s1293,s1294,s1295,s1296,s1297,s1298,s1299,s1300,s1301,s1302,s1303,s1304,s1305,s1306,s1307,s1308,s1309,s1310,s1311,s1312,s1313,s1314,s1315,s1316,s1317,s1318,s1319,s1320,s1321,s1322,s1323,s1324,s1325,s1326,s1327,s1328,s1329,s1330,s1331,s1332,s1333,s1334,s1335,s1336,s1337,s1338,s1339,s1340,s1341,s1342,s1343,s1344,s1345,s1346,s1347,s1348,s1349,s1350
0.0,23.566219483677024,15.03691328056609,-3.31588407108579,12.791263410659006,29.445443591664308,16.053882416675687,6.593550111970956,17.693849402081128,35.20453963487121,37.8246751192966,35.949258719106965,24.25648808318451,16.422401083702386,27.286974641030046,9.656729954475152,21.78325398168703,10.399026978783633,17.133669704203516,14.773528371800223,18.944097883680094,29.37246545983116,15.555115504594934,6.803035970381897,14.448569318725298,49.57541937332846,26.3956712497632,16.600332051135524,1.371336610394227,30.553237817324074,30.707206622296994,43.06167454541128,2.1960154606123545,28.774482259746094,17.973586676430656,18.646169303344713,22.99122305610109,10.947961383862989,22.034548521931146,16.912444380558107,28.259161830848505,15.215290162154893,29.960113665449725,24.51628462749123,31.168840779018158,13.245905440716925,12.452231193374292,20.127621819372486,13.21903671023434,13.486469371071715,22.85339717786622,20.053625314382522,23.458704430623513,18.449843976843425,24.733232904511414,23.196876802719565,3.886948923489385,28.722077960424052,22.343924255837862,22.367003619085914,23.66811017754403,25.65725909927467,18.374036218485653,16.812452549509487,23.709132945078203,16.56261486655531,16.734903622866828,25.289192209821298,26.119361309791266,1.1335895976480828,27.296380270733955,29.208956544764447,33.76666467319322,1.8752294048729432,20.868567262609297,27.96393220646168,41.0294789114365,22.878398812759908,22.82778208947366,25.688566018041655,3.1782579701784677,15.230811218485968,20.68341843952663,15.634806107440127,12.183400001648327,5.154383143681358,4.6852171861269625,20.529801129008405,10.39034046169322,10.499901121027355,31.214453650074674,31.14939717621121,14.31819051996143,29.50804763387794,16.998028528239075,20.458671205756303,10.048133527649664,8.785331011836341,33.600889348303184,19.0350534199034,30.80223350756273,26.001335627400877,15.139579695039195,9.34602051663606,27.182911345139313,1.4129106668205402,3.718954265236853,28.055164147392894,16.089610372081047,22.225472447756946,19.427592444249427,26.60935703124072,9.485436320736419,14.526373388913205,11.24076764117076,29.07594069775467,27.969409553764855,19.950652388482464,18.36173549269189,12.554954308452512,10.188167396244836,12.787610257569284,22.532510657988244,43.27990653505873,20.56810451215609,25.997154383219424,12.294854764655764,25.263418664627615,42.26281714159721,18.438319975469277,25.432727020831553,10.406112598562462,10.53302720642036,32.73964138219047,15.143783678568127,17.39283572101315,13.537505352267917,5.1678149734467205,20.595621685771597,24.038166377442955,28.04058734199885,22.99122797305724,19.965437779022306,23.946710590828996,13.94491126272365,22.551878346048944,20.19617318443538,22.46482494998619,8.59372738944291,23.04433254909354,20.999726255914297,8.463763942529521,14.328140098712147,32.253464251715215,33.41190249107012,28.343252753058103,10.582034156453952,10.839294968928796,29.603673467183228,26.572391117304456,23.599485439185152,16.593930240059898,43.483286168520046,20.71843884499935,25.4629934603093,18.10225285706133,24.443611779851572,-5.349891475047027,36.12544898429715,20.716248451971897,30.03604981897771,24.206454918651914,31.176931581036705,9.985610402230709,1.1419911813994226,-1.9431525782042556,35.67390505135347,12.632639885456648,28.671195644435745,15.652891183529224,14.273947270403308,11.373460213527377,30.816774405119986,24.05271122347264,16.124148715707054,23.859596536512043,27.493139393803986,15.197984171287517,27.71698973380499,-0.8225609152809383,3.6184950623463727,11.004044477527843,22.74811470373831,5.895298119811924,46.48679946448241,30.015401603165092,9.71185005781579,20.741218060909635,21.844380382348575,14.089064109946182,19.45825682557055,10.326001698775313,26.919460447098032,35.102364416305846,25.434592046127662,35.179129835104945,4.982169446394275,30.437523324091067,35.17948180950117,29.998512764931498,13.553027478957793,28.816926524060953,38.92843105208594,22.148159766262378,10.983472300558102,13.303685668643872,26.462630417129127,2.205916908916077,27.019473316295915,25.097149389799657,19.04369314816321,9.006947263030547,22.79995887105421,6.187427889966386,20.681157846733974,8.763772466809513,29.211224571880138,31.459335363290418,23.194550698727333,12.961288602224963,13.35674825639569,23.4725503265374,19.41905263530419,25.830755549406263,4.104680574511923,14.210783276627529,21.344498812690137,32.30319705919268,10.318906697675963,-0.9022369143208451,5.694405871785797,0.6433057799704756,28.538921136511668,12.148594195425556,12.217187174532402,23.36258131443052,24.77321518449322,10.002209085647113,28.61391312320795,18.928890904403982,23.803228189179,24.922477332770207,23.321742775914277,19.074664555689505,18.568161845457624,17.85445683929249,14.986248893706158,8.393404736760953,28.5837268885382,33.117384401476784,24.819900365059205,16.402908767773017,26.89679950666011,38.082744691563676,33.521519168164815,22.10151940172425,22.77749091672427,34.0267220853019,10.893947235172599,30.019725050043917,29.229479457634937,33.444356582277784,9.837684482051639,24.428679715616823,25.1113939319725,8.531685383415576,9.200980741565829,10.329204273642645,24.053025343164983,7.121919679944126,30.474529678723066,18.110023232540644,8.651105040762669,18.941603484195582,23.507588374978592,5.421846533529502,-0.8843376928694155,13.275776113001577,8.238583603885775,-10.10590346738769,11.417776363517206,23.115710705832527,17.48124471299451,10.90788668253692,23.22222044363299,25.289303151152442,5.084790097484328,9.189795325909092,19.840051477793708,29.95176807810477,16.47475152481043,16.931134796536682,31.490529816227962,6.331214531863827,26.833754390287048,25.16794140176082,21.53182849416002,20.9910753825285,21.745551104227797,21.20618887892552,34.62718980238114,4.755972393114924,24.836717750044407,4.630539624444026,5.7393909737537605,8.372473044286417,10.514724793652512,16.278478432098137,20.83883390229848,17.608808473286885,-2.549371170836924,16.536436608110108,9.710219281372956,5.299826447330187,10.576439631729555,5.725666973313304,18.321747689352097,0.23648813698839177,34.33500133122372,10.22819946437895,25.418513906971327,4.848893140290459,26.123686467291485,18.581429726164828,10.2303098384665,20.481997493983314,13.11832588139853,16.266684633140713,19.440036729507067,16.409997033215774,16.0658153900566,27.44504388584889,39.44659024208659,34.47713855219257,23.3633284554806,15.366312753533752,3.3144464527852016,29.33263936537153,25.43258432261481,21.182494638158392,-7.6164798762799,11.796144325293103,29.40997558599689,12.852545219255727,32.26538817706346,21.376922894435925,2.5850099682385377,32.961594557780245,23.204655673582923,26.13112436686717,20.628644300760136,41.07761812947516,9.440650573755377,1.9068560581272855,34.349448908253365,23.525359973643187,10.228893942710474,4.08704494353252,24.164059218745326,16.79224963580056,11.952222399938552,42.19401826159668,25.812367345611065,34.64176944018979,15.193450288580076,35.70034916419654,12.825307340147415,21.12179556355498,24.54086228327697,25.43021655134837,14.043208141600502,32.04413931320894,15.497965285030544,16.27477112804746,16.215400676980206,16.19520685870617,1.5848363823960163,24.371326113385265,34.15668528855706,21.66649824123906,28.85523227625209,1.0667865337672922,24.687020561146507,28.710080936598736,3.0242116468859805,26.99626410470528,33.31407735590876,29.328856133464768,6.891559711849824,19.89718678785092,14.536354303709949,25.7328342661146,28.82974374475225,6.061434560247365,19.00478302678076,-3.604651729409298,24.142429436871517,20.89850720999349,32.87818605373415,12.404996830652669,24.559956229635183,23.298676270142238,18.209123141584584,4.972238758860996,24.678882190521243,33.98301316478987,16.947012676182656,24.489615279007765,26.473393895056894,21.726642076796246,35.4326588633856,17.991699449045875,22.031607779248787,15.462519460931023,20.006541921362945,3.339934993218339,17.483174402206334,35.15849900916528,25.468785421207045,30.992684887738164,21.795568698475254,48.16052000773719,33.389990961615375,23.6016344818525,24.170977598953364,40.276701638787586,36.700595196647754,7.090403119167904,24.214957180705657,11.810065556866297,27.14165798364653,18.77758194818889,11.54160434485813,14.411305220458761,4.668154441139588,19.932711492344406,17.365093228931972,37.55206228996664,39.19244877871064,15.101108614291661,26.67193876550739,21.668866084932425,23.101806380693795,28.01790363076313,27.04943911002761,23.99033726165534,17.908241087023708,34.66920514915597,19.128104797290014,5.204569082512263,9.473418679822622,36.255769832594886,12.578337794537326,19.222897062839074,12.590931140651378,8.280612081240701,12.02643350228161,19.74525858993278,25.391407541799655,6.14512381056921,17.889135644534726,3.7961298946569713,26.951312851339274,24.233489187304365,23.857359706516903,24.240063750088687,22.29148581003679,20.670046739014918,4.139858348457842,22.16686863173164,13.388552372098493,18.905597269573676,16.36678089364386,30.496787577929446,19.477701405950224,29.813924331079868,25.147661909421245,18.020900494302364,30.627207930086424,4.9139190083321065,20.89028426221937,29.098550800972728,17.908868037367036,14.862297662508128,17.691009240608263,25.976073491301985,18.83279084437662,36.78596458736344,35.93298066868174,22.458275045265403,26.833733939885214,7.110073762464243,32.76025201689225,13.497280184178496,19.411928409500433,26.232443897231235,13.897815285696549,6.884781453872524,18.849398524804457,-1.1741353575535207,32.00889801393613,21.469213521296503,25.30793535593778,25.958565676723442,13.68070655078825,29.114517791396963,3.1370629659443914,21.04814748671572,12.087262289896888,0.1446045061792347,3.7350031155449877,14.61577827980417,31.53889355374772,33.23782755637818,2.914630219458065,2.3620784943193165,15.483411561196151,29.743014551161803,35.824982127185734,29.481229699260176,24.707194104112443,24.46977119819713,22.535306329861164,18.79269189740987,27.687392556896626,21.309861564813943,10.273386871521975,31.42558839650095,31.311043878814203,11.023018440112091,27.146927140264186,26.992262221818777,10.683498118229608,27.293101545093755,14.412581173473875,30.944981369982905,7.301369919347993,16.278441319318212,35.839302279173,18.919421099236473,18.276256975212544,38.436048464061074,19.097762949559268,16.40395871153784,40.385213421129436,35.64444277104834,13.881792586868208,32.60993622036486,29.911394833800312,3.901014802122674,13.97418344026562,34.8608503571034,26.941333812001943,25.34096136752422,18.538346839537954,29.826539893413447,9.3898319366937,19.40087411746306,11.052021712899585,26.67677493008642,13.10056164242552,27.34544689138335,24.45570503744048,5.316260889574252,11.831889411136876,45.681463047367,13.088022653207547,11.813789859899417,23.99684630121905,47.04670671076825,15.330289066947064,24.325336335198358,25.269432874054942,4.8215010679181525,12.780045190789327,38.197453126512315,31.897183799780805,44.36898948589547,19.986085515264953,2.3108518813617316,37.36043827285454,23.048873449975794,23.494567084382414,26.15285699345824,5.279877369753612,35.71788522507167,28.503753336091798,16.20677599819125,18.533899340322083,3.8404797739235477,29.95350603774109,17.743550489875457,33.48438352707069,24.017744463130693,16.857527557199067,20.535378872634894,19.812608085086556,17.37812933687089,21.42858656554558,5.074812862381563,23.931046882446008,14.66931088029024,12.48365655880281,6.901198360461455,0.5420785178462637,18.33110754355095,27.651009093565253,24.596790850487317,25.269480337393297,13.954101394498094,41.34348394769077,21.11700669780455,24.00951171453885,3.579508997263275,21.01145325841373,-7.1019851550903255,44.251363478465024,26.23580724847389,32.77693364506327,18.51363540086994,13.55109620327032,15.949971967490372,10.08210754665782,0.3954975794116713,15.509337791216193,11.782299909338558,29.877452308147266,2.8531525964525457,-4.019253552176533,17.887839766287836,26.341875207560587,11.477021965980951,14.704073767765763,13.491500898115936,15.528777945978385,30.073749928359263,23.484551299704666,37.98949916508968,21.4985260442871,17.2718426897818,13.242526758608667,24.037648479843476,18.15739198230283,23.47675529520988,29.25843826412209,27.5918662154935,10.527527378145802,18.000265047699227,25.60361181779765,22.515634488108162,6.2281698867543405,22.51209108277196,23.07459621600741,16.51973317337185,14.106277109163546,14.478537100300084,11.863484974110923,31.323210582043416,19.6970973540821,18.486142249744084,21.063365181516332,4.730830134880181,24.620695651190907,29.094861917096697,24.887344656081037,38.84305687098741,19.535604526065683,27.64733037861763,12.505599436801749,18.280434774978474,25.917729716849347,12.321252336760356,14.204137071870928,26.22059369078446,24.53703300253718,13.434487113212109,11.083192402470944,26.780779961756497,13.923711813063154,28.37833367414754,22.66643578413281,17.141339362126423,4.587113062029715,25.90848280035612,18.262633386043223,25.72797557615769,21.86665553796296,3.8680023055778783,14.073361624606695,28.20743558419757,25.95176778611546,38.090774761613815,26.229284616673,25.046879852258883,10.706526485652404,10.788410073480772,4.8117079759724035,28.057173943454,18.94763913059685,27.356847270009848,8.265560583606543,-8.276684268453618,36.915054204144624,37.55320708864295,27.386220491823742,26.69938558895851,19.845271534171403,7.538310116987915,25.331455523257915,32.67369775256476,7.345579503862417,24.52559472218093,18.010876015745506,23.941387938099073,22.238617274852185,17.507873305912227,5.973594773190069,15.97408172981076,13.660099332192944,24.819135674200297,32.433878711334536,14.698053571540477,24.43513078351922,18.499324362888782,12.710426001507157,21.731500099977417,25.61883122474253,17.0444488937318,24.258727619000354,26.03846963147879,13.986083738673628,30.287528716534318,29.632688361147913,21.961257281091818,22.51407740571336,31.707052478270732,39.675359093997955,17.991596729290617,37.34761100110947,2.094498476352385,25.88857285850207,27.03387688468098,25.668205149281572,6.60338728719754,31.56997091553032,35.71239344278875,21.159993593998426,20.975526435877857,25.592046650680714,10.466239612075874,32.08022984819749,25.00499849430318,7.921886944954135,19.532270098195806,10.106475960917779,23.783912715799786,6.9852148069528255,23.58977814172196,31.68035089284508,8.86235120349496,23.638889200687526,8.916782730852153,17.250647316857197,20.0041134824523,4.8660146898967955,4.064788698766629,28.223732688198645,16.989034708375907,20.109657098426506,28.56871273701971,26.440826072236163,23.65880606493542,20.89159600972437,27.63512314503449,5.736502423991546,34.96489092786093,16.853185604541622,19.015217061066604,29.14014093579336,18.687996264098903,24.7651437017973,25.887555920413785,9.718913454932759,19.4313450686138,1.5493259581160892,39.71654575814203,37.284876420686516,16.460277473504565,32.26267331784389,8.413382178221894,6.850209400398725,5.460965861703803,4.290504573376673,25.49079328605677,12.085206447270647,31.94490885984584,4.691396644497733,12.146478280086834,14.451048089152552,25.539320213411642,5.748652540031923,18.293461385119862,7.371896008195364,30.669776072100454,9.069133573697686,4.121489595403764,14.270209498637872,11.91459545044249,21.438277560822385,13.767879664251423,6.076592903330752,32.82838676915098,6.313630631522624,32.343646293080795,27.656280879062834,20.87644539609142,11.114540582699709,26.35924894312274,9.807165086614756,-1.1600238744822384,15.19334828262836,14.274652780606464,10.32880477050183,23.149698644449654,24.121974298986032,9.424479511606528,24.30031274421379,-7.2682469616926255,8.922234254721493,19.25860728492723,8.541300838135308,7.790686055849445,35.8976024630733,17.554876449863926,22.406215549935204,5.62169949534173,26.626397898399816,22.481609215109895,37.565930407957225,19.04324055081497,27.586327346470778,23.672942943556908,18.076027717506946,10.050660509677336,17.378298758503217,21.533730176424545,12.733172756500014,32.84791833721577,10.650679457730199,11.842346564214129,26.869776563849022,23.37525494629761,10.267292429543641,9.683160260567771,6.030593746158592,16.058635287722097,19.324552945430213,11.056939594491533,9.699533910050256,16.229850450255682,23.4530808462003,14.67778752748694,27.545666221112402,23.480690061121678,18.068821887238673,7.8119994019880235,19.14197256936899,42.09315796556713,25.131964041417934,9.984660516771502,34.09866946096076,20.434806228264893,22.52617720931092,32.372898529851234,22.0769210730961,20.91741670983948,21.292269903191404,11.337309534314826,20.386313652025613,22.031958409710686,5.263705593573874,21.08724384473297,13.445585998022706,17.793950375716708,24.55725157514899,22.177205086423854,17.22148258817801,19.640676085228915,10.29191580717428,28.29093864204144,27.158059258350384,36.52191343223573,10.33661636696486,8.527678577665828,24.432542826624996,18.329433904468935,3.2627444875553415,24.05781596519064,34.48460861577803,26.969153750158327,14.350370757004107,27.8550498583909,31.797202524192002,12.950186067744788,11.278676715459948,24.990005189607103,20.135710301312717,7.713900769229518,5.26225097471089,14.71958602493649,1.915948259874007,18.46779641940645,20.197280493739797,20.627216345054194,31.841634615427942,-0.15513446061141778,33.068512463059264,18.642835731504338,16.53070075355055,11.381598489990822,15.295746476488654,33.44747925025199,15.706258613902062,20.474849280159876,29.188909864118862,21.496669929366234,16.284250017270484,27.045416424678564,29.643354713871503,28.84903935126899,24.837620736002446,14.81117448038286,20.396785525163065,15.955352055383473,9.814459196114772,25.528630894497496,8.773493285700129,12.894786748126046,24.566004549800493,30.546952771833602,8.6024129307584,28.302562252245686,20.28066745393152,-0.7716576346670649,30.712942767077838,29.794899847354202,14.16740161804288,-5.644679516442789,8.970133903394192,26.081184109745468,18.50175690252661,9.21858367546121,23.44041985373978,14.565320609187538,13.079622894088281,9.816700465930044,20.58430414680764,37.55975347022415,26.709859972956185,39.61718615406089,26.732396187994098,20.535233619192024,34.65836613589852,12.812987566920297,2.29403695111888,14.874546492780603,18.376316448838327,25.788353852931014,38.924685155571254,22.121543356964942,2.308607888271446,24.328469111956068,22.593992206863817,29.603015592287168,15.430701928133097,25.898262425470303,14.586981027965784,27.623334246772515,31.701627608041065,15.75238989461477,0.809688698787312,1.8286184837559993,35.17572383005276,11.971131284538554,18.71212542314782,-2.110347942655455,34.27320925135078,15.754260654358914,5.651273475538737,20.393185849712353,27.97052049198534,15.481153127342175,7.217280422715458,-1.8412705888122147,14.612557269940623,19.775372272061954,5.71799542941725,-1.4602110147117777,41.3847056268056,23.511931537221983,25.011064788038553,25.810582879900288,4.077113229034644,17.024687822162655,21.89635872755928,15.620123738210616,25.453511486509854,13.899909378165356,29.331368750696164,17.59194947340304,34.273192172598705,6.230213902656033,26.62725788814712,10.713143749529788,26.138575539086332,19.037683968093738,29.373426930196693,12.383012691292057,24.271541731053343,6.987354908561045,20.716018991296682,20.859153842138827,28.317877615828905,14.113410051403758,21.231334097445934,-4.570687192438243,7.670284376342423,14.363653952580687,13.175534042322909,22.94831400755354,16.384759374299875,20.854918773271674,27.094955094039086,25.45243533778974,16.586729375142806,16.071785989682812,19.107795673754225,18.503077539433097,10.21530573359696,16.664886676571186,14.21937388044169,29.261239443921546,22.26406985505936,-3.403586496032858,6.397601871465161,9.502834843153927,22.024835572855313,14.622737414437946,17.445904884331046,24.169528503351604,20.416579164423528,18.33512071566637,31.11489983595432,23.518834791094466,25.619932672009803,6.185305865487642,-9.683902135058826,21.110711481921356,40.54522837575982,20.656242496597834,20.24684435866685,11.086006876130082,19.547650004139207,8.94237088896038,24.631658405091905,24.262757951570478,44.08258214757775,16.013621589436273,20.89101070531973,23.3972024706236,15.601738513948153,20.305985506109167,26.973876054006222,33.023470256874106,3.512832383927517,17.753158763039064,46.38710920369993,5.601220433694472,20.518142062443804,11.22515403642614,32.23545493399247,9.249234543706793,4.239531745368611,23.645126085990338,12.6069194893132,18.682021409714967,26.58039483324071,16.263694129534343,9.607846642040112,30.15239700624628,8.07533330939817,10.881311264720628,18.934168128568768,6.970780841429228,23.937517094755997,6.981000057444065,9.16493954196493,17.581537375363002,11.45994326500594,25.370112624006335,6.98642760443021,24.87980270033206,22.24625711713307,8.52133854055218,7.749498841212713,38.24679521655542,21.266126942735074,15.582758203182243,19.10468246347607,32.13828960058743,19.215946617511136,15.317656738022315,0.6382989292642627,30.76269546050863,40.037463373058756,25.606651076870396,16.930349382052384,7.369130026646767,20.842331738982427,32.74403959256139,25.90264803712139,12.00492620004276,12.963407596484625,13.023295766860343,30.6253844271856,20.014733667985602,40.875907229935436,11.661329636559145,2.0290670422751482,19.932015930496217,32.40628315790198,18.273887926735533,12.550148149288631,21.819969505702094,25.353870346777835,25.621106793499862,21.745818663478335,15.095991803422576,23.72080772961612,30.728213623727967,38.98309122303616,13.779660930984654,26.861024785079284,18.558514380345727,23.503391512839833,24.673335579683943,7.499703367449694,28.707989840523695,26.104627234968792,39.59498331318679,26.213315051908616,10.952092957772367,11.24988520953875,2.5945849444935014,23.999267932603992,18.76639227281224,32.52946459936286,13.513479370275732,12.654286697588091,-3.048859899716387,5.606094290195834,20.25493384257127,17.614564618416644,17.953234860571648,15.554735420050378,36.95971416107055,14.476079611892935,40.27880263951523,25.487820836453785,15.880467211706884,11.688878749296038,27.78636507306801,23.81804809019989,32.35202648075597,29.33976139647819,29.65302946387125,32.56875614251573,30.039519238375348,-4.0014331956924885,21.702157987203762,12.926958329666508,29.988525043309743,24.244839363816368,17.688012368007527,12.697491259008448,17.691573206113176,12.025515117669773,37.93801166785869,40.834779283790795,32.99890030902088,22.682138940197063,-3.4013454055611447,29.09711655058678,33.14486663920802,10.865813709178171,2.880674155365039,11.555972741872395,8.04881141987008,15.271767957051804,20.276744137705954,15.187966202614998,22.843225687811522,23.927466373750484,14.173413038267801,8.580697050514644,24.52068786255129,17.320124909833677,24.556913348457638,36.74155638487149,12.401138911577045,3.9573662393023348,23.166612618128276,31.616204690155122,10.480520589003172,11.970021955546152,14.149696223251727,15.25752921467244,10.461553597724686,-0.8342220381249135,19.19769246957184,14.311672969342842,30.234681020989797,14.26087124180651,20.291610428681864,18.979443770915218,22.567756755494223,18.015058814722146,2.1688460743088847,27.160224119343322,14.381547558630524,42.12004344537277,8.364110497219325,7.882187040928562,25.238414535824816,16.838416371096745,24.572055619516348,31.268598322971393,22.722647550488563,28.2550862763188,13.95627943691296,1.225790090354998,8.708912641906139,1.0002441873814263,6.15119981469492,7.131583195919642,24.19489204899724,3.3192878963941865,19.482401856935777,11.189305603742163,-2.3142473620378077,25.18513991201022,36.20701423126536,16.74301146424517,19.554698096164522,12.21021129586303,21.278757135036578,16.514998685665137,13.294398692249926,10.279286630587812,36.8176901238577,11.073568862034122,30.958161172492204,24.243857741706194,7.956394700697002,31.970947719421794,12.237487760637599,18.376475503662885,24.249809096132168,25.215425378818374,10.084499623882184,23.914558495888173,17.676624031709167,21.12680032851339,8.848073321311098,30.05989172698377,21.990672099653224,12.629586867461436,18.032169431206135,31.34639502502463,13.985059580117227,17.214139685714045,41.12378100691399,7.8594516365478455,18.822273525991466,2.5060855338792614,34.21409860856846,14.365728078398359,23.01695930251827,20.951880383554947,16.565019238331384,16.32157083849609,18.188248685238346,23.63684823600409,21.696606847105514,38.86310072049319,28.541760938050864,16.972528963764688,7.285489758669691,26.542342170777008,9.228067272432853,21.718592036777885,6.12916908685264,19.36361710578322,12.910450096279343,48.178533858428516,10.883305206586192,25.62468014769511,17.82402971678046,19.807365984390557,34.599135612159905,26.363834772882264,34.72308195343632,30.16529780815782,17.99782903564815,16.708483776175612,17.536000261273806,21.273405697878566,29.91525995461857,12.792890968668793,25.15450246732517,30.77509917731173,22.50305084424719,39.37594090246898,23.803063787049723,22.611985351008627,16.962186387159164,18.475993240900383,32.61293189802127,44.778361471505534,36.19227832370714,23.332002656486324,17.553562816514898,22.84569247822927,23.736054873525518,27.636086119933992,18.934770365046173,14.921923542418162,11.941329284989234,18.32728074114998,15.748631628319814,26.495282733777543
1.0,20.711173112650314,14.80067584776048,40.45106551136358,52.371957336081124,38.354275460696314,49.42590535136837,42.20616215680366,46.95062814187369,49.581562479405555,62.425926870769715,50.88730349438287,69.03453656852467,48.54530279515362,74.93947739375078,71.46000944183736,59.980801036425184,74.374582132336,82.30224532356706,76.66451890643071,73.55622593914772,91.84706476290616,69.85213464524494,90.7391627036048,88.23101805952268,93.11826766468323,105.62742073372686,101.13323581034975,103.09651347901999,99.76861635089753,91.90649546655803,113.83014764373644,107.13712868448158,107.6920974106307,126.55307798924136,109.05618272952665,138.38875933299414,139.33277826474048,129.33541915122922,134.66462609318333,146.85113724175264,130.26441291069926,153.66341962876012,140.2364090181858,152.287480977556,137.27342331110611,35.32712952986112,31.3764279874985,18.570601604345647,21.71615019162884,27.267724879813045,25.760295350020574,42.081055310748134,45.08479522390791,43.23518464717396,65.3050995316097,57.84264263588858,67.96751430680975,58.68626722005805,81.01269641253383,62.541675493073015,78.47178912372588,64.47528987265953,93.22749028079313,72.77975541842281,84.9238443240022,77.62623371238067,70.84405174907566,100.4411124511051,103.41788986926902,96.37368338982904,107.99485621234797,93.7690732058026,112.8626876139663,97.0399863848987,109.04518788758769,115.39910224233441,105.94661617046563,131.97821223796427,122.43871504683396,123.8783761868485,122.27311954660568,139.30959755457647,147.51464711146585,127.75555038612836,145.3340143429269,136.79797916545084,140.95469878372631,146.6221903332927,141.75050092120804,146.2897944203728,22.708558167251468,34.37926750252202,20.46459748665888,23.794632123014082,46.48678991035337,53.28656375271333,65.46947957442941,50.714199888187196,39.83026824289141,47.20082433127645,60.75530411501889,54.24204224594977,41.84396694601756,65.86478955102216,61.41211769261679,76.9659147272826,82.42112218067693,78.36180561905823,65.22812107165676,81.05775805160307,95.6244207616045,86.29750852908917,83.03421249941242,80.56565461126701,90.25121045012754,102.33731427212504,108.05761058730376,93.12757894264723,116.45937538357713,104.09571103048576,109.98544345921519,109.58855336209488,108.46630054941622,130.71896894582827,127.18647586148934,107.43199443525859,123.20250935340101,130.90973404384357,128.41243413583067,140.2535832886125,147.39930287839948,133.70222695586602,166.44749914685798,144.14007641676235,150.69789848609915,21.27123412709758,28.444911581969507,45.40368164673166,34.00621466973042,30.091141640051873,35.97163080168449,42.34319310610251,45.62722879322084,17.789971792551437,39.99471075303572,54.73985900610846,53.05598638228498,67.46674219887174,79.80666346490631,68.06226880580559,53.823488993093626,63.03853635867507,53.18309125244383,90.98354931862872,70.14016034778386,104.1250157582698,81.53147578734111,73.91316975671117,94.3082129640187,79.33392540298875,97.10692377340628,89.46893518906532,102.4303383225947,98.08395889904298,104.93476560508684,113.64051694724388,108.82842467849947,116.43755654332861,106.4323964653097,112.67649426605767,122.19564012652752,130.54684373769146,133.57670282716884,151.93443909499692,135.1333611038775,139.5080151543994,143.2540256883796,151.21734709080056,138.63558788044216,149.36531403317895,43.82664045405703,30.123178810849588,28.901919551355043,23.978849747570674,36.78937700159618,50.581461764957126,31.882904674703553,58.94001699752429,47.632120425654,45.18279341517604,68.29996360473736,80.3141417731994,71.41811596333652,50.76148240566744,64.5489427886286,58.44470846535404,63.466176870426565,75.08589047675477,75.05275467250465,76.75586191573083,87.93931652431245,73.47146522343691,104.64225967661898,95.44928283401033,91.26075351145569,107.07187827184875,94.6221460800831,108.80685629770608,113.40235996443965,125.04081156098034,110.5713748883275,126.3464021628359,95.81518568300616,110.1898782797179,124.04696839338004,131.19529700816145,136.96209920523452,134.02090223615687,133.13004740823325,139.441516291448,132.7030229956421,150.8340355770996,132.59754078276976,140.94607135482923,154.52998472006274,20.450852756588816,38.54206688085511,38.86107602285249,42.22284922739175,53.67563725808784,30.38557622355778,49.6039309596729,50.33998361978329,56.664810298818,59.35486195045647,45.14483929330638,39.80887853194835,81.1829769798883,63.8327822989031,59.30774940875219,68.0806039864903,71.40156970612023,78.10427621273834,78.92367871726248,79.17653848961655,87.53694453100252,80.94169112805393,97.03390038026494,91.97511691628009,91.1944030435819,86.05720874801983,97.05228306991528,106.9141064703759,98.73998880684742,112.28415191963579,100.03249130833323,111.77592559014953,124.86537539204107,121.96155526869184,133.07716761879018,129.15501814797605,132.3459225625991,118.38948053087096,123.33066175234126,143.27788488207437,138.96476700722206,131.08420832883854,153.88401233062677,135.85771695291686,154.72005158928764,37.99095554180466,34.1584576527412,30.7575046833078,32.269558883949,27.602767144196633,46.683761817699164,56.562994128699984,44.11044608900132,62.770429180041965,54.432972845185255,60.43012005404003,64.83864500542965,40.078295607549975,58.71217839055076,66.0218384103289,62.726453503245104,63.4289339270915,85.23788508599532,73.29783965199353,72.362124353318,93.58665669690629,85.98920882772369,106.36408111865623,93.67098993116284,81.4325837744588,86.47610767398015,102.15910917964096,112.45842025394221,119.55671619459491,118.68588771392567,115.79719018158175,117.65115809402086,118.6992567235435,103.36330591132288,131.14726766236765,135.0479625445636,136.02728637551797,150.063007133661,126.05085940111738,145.6679839160065,134.8089326345134,139.97871754380336,152.47497405881356,137.97172955124287,152.12833277116553,9.516830221124078,46.749105828412965,9.516428145681559,32.90860504978162,40.21519487472323,45.342233162252754,42.79548406326865,21.13902915720247,33.1556016862687,60.1971933394496,56.38262496325763,55.70004580382964,62.543748962204816,50.02540344066247,61.80417243209577,59.421581437065406,54.59404657224073,58.91038900220611,98.46265777309732,84.85011458451356,72.93554092667455,87.3900605430368,79.90157562015263,95.64226336629561,100.85609878297781,118.20352950122378,80.80025139416016,101.82195168820056,91.23776624907529,106.98354371408419,116.23529005090126,119.7144128341774,109.87323644281749,108.52736869579118,131.43559930764275,117.25217327901517,125.02604365909775,136.21228995428044,140.80295287620595,149.46470812462084,124.9975282183477,126.92159974708136,143.67276354087005,147.37409704131306,158.09581636643432,31.793620065601324,26.963109055988802,22.758642373096784,41.90724513116275,18.765505965086444,46.129681051174956,53.70553704550841,46.050319335809704,44.36776627410958,35.112063302555605,48.14945730204104,63.10367319129269,58.536019416545585,56.841363090928105,65.8813236247415,78.42021272785956,56.34067977481511,67.15383779661829,77.60728569112523,87.88347657668918,71.25758283657615,99.07784822777458,69.53867205585297,79.74779803384787,81.83489640134309,92.7299848798496,93.15784515522972,114.1243400665173,104.97448440743139,104.81203135023543,107.22089992991461,103.86931259164776,108.84169398824875,125.14141542756505,117.67976649780115,131.84620087203632,147.32429746188166,133.15795023758318,142.225989435292,137.50528340489285,136.64402885404724,134.37657415270894,154.0025117462811,151.04635039049413,140.2340748747434,16.9227276633018,33.8185807195864,34.899976606895336,39.58326947683925,33.43538858044186,25.498290432000918,48.93532370284502,25.826750032070485,47.27871769640963,55.889028831793134,58.2016552236888,80.60244559103502,45.34309939255894,50.84535575981249,51.90037663921592,68.08215753028955,59.64165126698012,77.97354486015716,74.18091688006109,84.9683212488891,91.78069322824359,95.17890615730846,82.86063539881515,86.67268311266214,87.24304054393988,91.32687656167289,94.17543039521851,96.55208971608684,110.42026155203665,100.46743203838027,101.01841519522985,107.44254864590265,97.91297482167975,124.73653178366533,131.9946522558142,131.8547123828294,145.8064138652815,132.2291756992442,141.70932967342821,138.23537404086414,133.20272701610975,149.96713820806968,155.41398869628995,148.3626533840299,163.20556006481917,24.742593123164795,16.325656412865225,52.35501289579189,25.762468556590264,49.15673532263347,48.22879556734567,53.2773648559905,45.557771236238715,67.84751184051503,46.583653447067014,48.08089505532367,60.43993985650099,55.43902111011311,62.17341592931951,59.07833441489627,79.78289239967762,89.3997971525501,74.56789703165583,80.77298135431057,68.8384234394474,94.23638872323488,88.12855524186499,90.47225759566359,75.99229158267363,83.27586996872527,74.53066676151957,108.58433264108625,103.37440662263624,108.73715824433134,102.01503912215215,103.20367209981927,129.8908524566763,110.56829978368711,123.96413159780843,117.3880578662588,136.55934866365658,109.31995725640353,118.45768932587873,141.84576639225466,155.34663648139164,128.8716924761041,147.16767029621542,149.97745754879267,161.10101259802528,142.2411068791497,45.426737676024715,19.999185279166277,32.056329152397154,31.538342241545685,24.432860000939154,33.96942662074478,55.12104984300237,48.45232545795895,44.53309393710691,53.85008462663636,35.934048289184744,63.16274783827658,61.93078328536857,58.36059452174697,41.497502218847835,78.29656831601397,87.3353800606841,79.90385200212071,83.06697600485936,98.14247711488369,86.79975343964172,107.16548517788658,86.70631012646923,92.75946003302717,87.19803374338271,101.49557746443013,112.7408529175972,94.22396486860238,95.21251307413573,109.61079528191556,139.6469588164043,109.06191417999952,112.8460241255591,123.11715995780474,118.31497528406152,130.70108948237277,111.25855189225872,146.9264726368115,127.95963065832349,122.68060311967884,134.5029736421354,158.84825245693594,166.35670283468565,150.9393467179755,138.71966090216745,31.896813763173476,39.72688836492168,38.01025101702534,36.73409827895344,37.17282132106526,33.35492996002949,58.93391126232912,54.84604758037108,42.01346030459982,55.047881027053585,69.6393556314524,42.25222089409103,86.18623818936452,74.4764298076822,58.913814700517115,56.565025209366354,77.18334198981172,64.31664765888897,75.45166622754779,73.9152466814268,78.57601833053371,86.42759381844292,82.72454630485464,102.67917817327607,101.38619633979721,94.04415464685493,106.59441191184284,101.03276314505413,111.08773923078493,103.01244826281051,113.1351087997122,117.61344833385212,120.10590006554283,124.52380919870112,112.90366650773169,117.46900260362574,117.73714132546203,126.39672565535696,142.08092804896694,150.3156594610144,137.0057613433425,143.09463449134063,154.0313188153502,151.58312460051079,161.3366340195142,30.538563725113168,23.098218483162135,22.358709470740347,34.14676166252285,40.384544284904244,48.2061486630966,37.81917229753317,53.751646813935565,21.747349647650196,64.06648777163386,44.90131300731726,64.97958054290112,53.850051275906175,48.741259087627064,81.54756706097058,71.67629456827753,56.20009234879157,77.19261484276905,74.02012340839795,79.91326865279254,80.94687798364887,74.4851846383212,108.39454900893034,99.32243657291043,82.330919321524,86.52723953501072,95.92244845285884,94.39413073366775,109.8479302058358,124.08559936544326,133.4713959110841,117.87704097036328,118.09949609084731,124.90799998262243,95.69307620913062,123.32253592006028,115.13317605584913,125.01863859114599,117.05639059966731,140.0860985343753,146.6113850775269,150.46832872500897,139.09278407025622,146.5108358945477,154.90118469418957,34.32850424353254,34.0505433972623,52.337646665078424,30.200859680249607,39.824911522277574,42.921914834441836,32.90721524586797,37.637807693847996,48.22044017713587,54.10070585150546,52.262181863954154,75.89436804146426,53.414945885916836,61.06886202363268,59.810008783828096,65.48026192921469,72.28437234167492,65.40751626063211,75.04622426277427,75.23183802881996,79.34127712608658,93.78469939225698,86.05619200478306,103.45976721517775,94.8020079099344,89.2508369971804,106.95083204867764,96.56760954206335,111.30350022666624,114.36277571644868,103.73301528228194,103.56485596741136,118.96027621376813,120.64307444567149,124.05240345702508,112.89115586153474,134.5732112646886,126.00393073700043,136.45246876187184,140.27818062776086,140.11109673113876,147.2368105231491,135.26008135398493,131.87342526493805,139.92774336048961,21.926251433991553,26.273903726359777,30.7791538141082,16.71264161468603,29.32358950503448,46.916272993978914,39.701404890768096,49.42195491745883,47.038975454054295,51.10333416794719,48.14568359455812,57.46056919234514,62.57533532657054,60.54301747237507,57.37262897815799,72.17540283530914,78.96464617984765,78.02060191034508,88.49084126596665,80.48552384599456,80.10208417731509,54.46570051752636,80.87526312764774,102.08686484234002,100.47313239371731,94.77349378109189,97.7200016035649,99.34614525339198,118.3256170360929,99.70131061605639,126.25172454114004,115.93437689394442,99.24819274568127,122.81063947164101,132.4524531320983,134.48400392428485,130.22697535002203,126.25464815575457,125.76160339483023,128.889242976585,129.86360775768986,134.57612141137193,143.4187803392805,139.4692083860713,160.45444640736378,25.76234776713089,21.90277434698747,16.201101647046954,39.83795549253209,40.89871807700555,37.6980195571198,45.88128322815526,57.8195925461549,59.63967273855446,35.66013242890791,46.46901780263312,44.64128973875484,61.91895506347772,58.83970294385314,48.91070339545809,73.78123729591385,78.08513096569928,64.20192355672984,81.74307437859899,74.56319851531536,97.40524073641623,86.80729232942497,85.93203894530764,79.85940277632504,87.5632144428895,102.7985729816153,109.42439573452964,100.65817149866947,102.81309293618547,102.06892095502941,113.32292479423684,124.54027765064137,121.43139401701599,132.98321127097728,125.21865725888613,131.5105828495936,137.56174217573,143.1821876157075,162.07502909207957,148.16065630144948,138.13019812011063,136.84075236391834,138.23462992249856,149.4195270209508,151.13310770448686,39.48616576102961,26.407509043659246,43.964969911037926,13.041392898027848,32.350659483228625,33.2537831754996,54.17888549996512,61.512231861230646,68.97183067730566,53.41817037259626,25.34363262225435,58.30429956540974,53.844610830793535,73.99788341731889,58.89264271134365,47.47525546802631,64.65587427713197,68.43446446889008,70.38707075275528,83.42074548532322,63.17906161939621,93.33916370709608,106.22732677308129,107.08569235382076,108.97202147611266,91.95178406894746,93.98023440855462,82.85283418471977,97.84207589317764,119.16352252536912,127.5896388000377,99.55473935907901,136.4334112992401,127.4431219022183,134.85700167537598,133.34687652537212,142.41393993815984,133.0089066916422,131.02168820534283,133.6702932167118,140.258872710714,136.74597942687268,153.81097893352543,127.29058758522285,165.64928630375377,42.19874922620333,29.57068613035526,31.21868153340671,36.93678782633535,36.15260501477928,43.92170380735162,26.646559927829898,58.61784509767046,40.97990319767199,51.660351878980336,56.3463826376132,41.92640529284154,60.99081575555348,62.03371372034334,61.62517135010999,66.66512064480652,72.17916894953055,87.38332855732679,77.90026700628614,84.79080998876161,92.48572916443372,94.48626342295282,88.71052337418921,73.41398587097535,101.06930824330435,109.06428126617548,106.82479976707704,104.38339494493258,95.08828281425481,106.49891239300864,107.78293484436078,119.71309119806102,115.21506411253353,117.8935165182861,132.11966246998546,124.05517020390045,143.82528312320866,142.28491945811191,142.8841094033499,151.46437530935592,140.91558428293573,149.09106412731333,151.00214594244613,155.1237781922289,163.10975724824587,18.17830153360798,35.634536092486194,24.015045081960217,36.11397537769796,37.76401547884084,47.82944946267874,48.703800844700645,56.86481073958207,51.02095438220116,64.64565671608676,63.40399537860693,64.1579519460304,69.98241987369869,70.93223942596399,73.56389087864866,63.438464472817564,69.46786881276398,74.04395574311154,72.03798937877752,63.4898302553422,80.18258330611883,96.37391890435386,85.54668525045824,102.13255939973769,100.5139208842712,110.64972281475085,113.72907645377262,108.12711496861569,110.36222446637053,111.59207969135531,114.70126855681988,126.23776403535797,111.3221833410715,113.1209010842747,126.39951290336067,111.7903050197072,122.80658672139852,124.73041658546576,130.23928380244124,134.63001264186198,161.7646600590524,150.66163947282587,148.74139297248587,152.109931719147,153.5355983945002,15.623195820245815,52.845369105889695,31.550955927236945,47.45639884584745,51.10881808728699,14.88268218119148,50.15335168597853,46.01752185060159,32.418675444256856,60.190333087850924,54.68352558615524,65.53116994982268,57.47570671480379,55.380860997395686,61.56494891443481,75.37448378487566,63.65017654839626,87.48639101447637,62.83930324471556,74.58208401761136,79.72907663253514,71.31760980402483,87.73831436190173,101.78435139252298,88.48158639455791,108.48236519064726,113.1530440417855,104.5241735171715,107.60740881554977,123.73955603708961,111.41123773757052,122.83520194462562,126.6895198662283,115.93176727091128,111.5192679467925,124.94361951526925,118.99214186319284,140.8150239996861,135.72596295246476,137.02927813318246,144.92292824255495,139.57194703920217,128.4461246069896,153.4382865742854,171.04161513730045,45.51945189045369,37.560878289239206,40.19935877972107,22.2668892008129,38.94152295434828,29.43871289417504,43.50985877535551,56.373216215154,46.938699078742296,60.32358527833463,59.4788017440583,64.1766157767191,71.6228680544971,80.87612468095861,65.07321426847142,73.0568422568853,73.29783249286837,90.27988596221412,67.9889877019058,89.30827421688316,93.41348350915966,87.84168284267211,87.84338028633151,108.10884713031287,86.13715946785425,90.17702528973031,98.15534956418794,115.62433579589334,109.02201394407663,104.10044570401139,109.64637882266464,100.38473556291493,116.38451821103145,129.9310041718298,121.2347401785103,130.2304052022032,119.07219733994106,134.36184227342724,121.46859561923345,146.99391040963056,139.47166220859887,149.30136277969777,161.33938859420317,175.82352102756323,159.4539197797624,12.70188083994719,21.560228496215423,28.990906910522117,50.29049486402931,29.071025714193485,53.05998736807959,53.59029251032824,51.84168453877397,41.394828569577626,55.950747695988916,47.035962418426536,52.95203640748968,80.36038894911763,57.56415212058785,55.915333766247755,78.76879417092931,76.86868522045208,76.76745178514952,86.19166240309673,84.11809206016966,71.78063316991985,99.35442299772252,86.44610363920314,77.86946533181163,98.55164267753115,95.62050261603203,116.95042596626908,98.569652263948,94.56936473635439,104.40097618618452,110.39072909178924,96.09347438774307,128.2773710155821,108.046613085746,118.47507652086148,130.84675431300445,130.5477536752355,127.88764729003633,139.1537581274696,130.48132154360943,148.0804684965536,122.96171456152706,145.05713671979805,144.78819545481312,158.39311401781387,23.41106289216007,26.2566106518194,41.551000352885,45.20858029392147,43.03615881374935,42.57697050800221,56.36404674091986,39.56469651528254,58.80383472078694,50.675982591864056,56.50404741280382,60.32388843904234,51.470325947231544,59.326360536520696,64.81876328739311,79.30052188841547,69.57641662481495,63.77820505455064,71.87949989310574,85.92835542102665,90.24517941174373,70.76666557319759,66.22784647769714,80.65313298494667,82.56323610503861,75.49451115984652,104.83684902494856,97.11527411154627,104.18996887397758,101.52845309109969,116.14486049125541,112.53719830401234,124.04307605416717,131.6753933264322,148.1307616465829,118.27703073736893,124.7192160557215,115.52286629621526,139.2546505341877,128.4978227042715,138.7422569584429,145.27878450373333,141.5541672445823,135.45812668793147,137.718072181438,29.932931209485872,35.28600661477107,48.605426184993675,62.954728947335525,23.099596534245702,36.43455805347942,47.74691342636088,55.638261072956794,55.387437603658746,48.20746275035276,56.514327762313826,58.50458380746898,54.31108950893393,58.33091053659053,69.05936963700456,72.88835170019833,34.47850200647398,79.16277962761856,81.72225374535068,73.27397689963823,84.2124242407062,76.45792684834902,93.7648871844265,90.39380484144283,97.85823201209284,88.87722231024505,111.92070459271125,109.73418518937049,104.45197384580696,115.66856576814558,115.61007577660772,105.79478392545288,101.6552390531334,105.52999727366209,138.80848606662875,128.6882891434258,127.34267218772455,122.8757849049524,142.20237742007004,144.61025329878308,133.96950449171513,135.08572870117314,165.76756972989358,114.96823961693033,154.8476728999566,20.63678374696299,14.178810571084256,45.06681176724366,37.887472290394626,35.65705810170607,39.77249664880741,18.978124131596143,49.09594646259955,35.97525711280653,55.051180125895485,48.92468520328181,57.370804262285425,63.47226388052314,61.65060590897979,75.7858376457637,68.10287081982948,72.5514662720973,84.50483841092878,67.32263905139288,96.81815231910782,91.0136289014215,85.1424634069167,68.62913815216642,96.6477464946228,72.16579547896312,103.1706328121892,106.93038717179502,96.36839884574957,90.54126566134927,93.64849954937938,104.99790009681641,105.84600950744672,112.06492432579805,119.8890027232313,125.89652894333008,124.31335476121265,128.09085830253255,143.64184228472666,136.3679800257222,131.79418582707137,138.5204170050954,144.38356880862625,146.25485645985486,150.76295821687754,143.4304103583705,32.23201861554174,28.64552995106726,35.81173730986375,36.69624726884466,28.16682846438578,35.39852999704782,46.57871700137523,50.364660780798424,49.771174526995765,65.04899709858873,61.20344866145752,60.860939972250684,53.5518711546911,42.47481015474177,77.81895823679957,65.46963037097478,58.78556806018353,77.15956094901756,67.97194481848084,95.33302612141958,97.06946236869118,83.69740709120603,104.53903990912305,96.71513608321845,96.00106167723584,77.82048345235744,89.51462002603766,85.0182760393558,108.07043803770837,109.25250739618994,126.19514233927691,107.54342495092301,116.34961873102094,116.36990323051562,122.45282094117069,132.2641248053985,129.13689067905116,137.9301847039204,142.86823541993348,146.36555514804584,137.928078262272,131.80158049290515,138.22543585226168,155.71065422484924,151.09142249522034,25.59302250770187,34.42726792605929,28.168512556462126,40.175979808563,51.02840449786582,45.3534167550696,46.22562945547815,42.098832702804266,46.84105836529992,53.35182116757738,46.69067614478011,80.02074308694858,55.94016555584621,74.5861084279667,85.03636692031805,43.22422102733411,67.79833881202767,80.63847534783481,86.75444066346657,90.48047169575825,90.64352283954058,92.37245151360007,109.53442003742936,86.06597785051466,105.29666879714486,85.83897113683773,105.52221569911649,104.72908928842398,110.01757171057646,107.43664253163915,100.01517298182719,126.2459649293007,116.74132623600853,114.92943895444424,135.94944596862396,114.13757846423373,128.6952290685745,107.9166267128026,122.32265437416476,122.91825212404575,140.1774704430547,155.37524750142296,132.03882956089137,155.79116327595582,146.7455415355907,40.75424396270049,39.88347140511349,39.2066389887429,52.52925727170761,36.3255633433469,52.753285212014525,55.34694887343034,44.45206438988528,58.007525396895296,41.32970781891839,44.33815919638618,68.37701737697314,65.91812018838121,71.89702967214784,68.15358795270043,80.76345520015454,73.33855843798656,80.18177134703164,79.25213109020997,83.4870005937802,85.02358366594548,87.9275032351012,94.53835943321484,95.71538628067786,90.17392028802783,95.7851014491026,100.07678579382673,99.1677444684897,98.6339368104119,110.4701313304392,111.7873811153693,99.46181723329425,126.8924205456224,119.21460959017236,126.18606493816812,125.18570534605958,130.27504773241458,144.41133177314182,128.44324358695044,141.27907992372343,145.175439330848,142.3372279895099,146.30436737809893,145.81132672777593,153.18830532428726,30.42098443324929,29.113156590099962,45.4796718178929,40.081854801178636,38.89442357831632,37.4819994866865,35.50545082978754,45.61258102335882,40.33452982815001,48.57213034671033,52.587687933953106,51.085496866657046,61.39259613972324,76.92792073762703,60.63122049798102,72.0001103418197,59.36466922105454,60.733302618622716,77.49521984031863,81.23390729792622,78.60605320287874,84.31634000372746,91.45692809133855,99.19243284776849,82.98234687039857,82.20605600954856,113.34986281712719,116.77139309577954,115.59042411197079,129.27128138790565,118.94740947075738,115.14623253408634,139.0762293987794,125.3370101548463,110.40151828396557,123.47494123988803,138.3349575198743,140.1413306424619,125.32940335717034,162.22727173040857,135.14631349383822,138.0270161159306,130.15331797583667,152.72858687015298,141.11694553655613
