time,s1,s2,s3,s4,s5,s6,s7,s8,s9,s10,s11,s12,s13,s14,s15,s16,s17,s18,s19,s20,s21,s22,s23,s24,s25,s26,s27,s28,s29,s30,s31,s32,s33,s34,s35,s36,s37,s38,s39,s40,s41,s42,s43,s44,s45,s46,s47,s48,s49,s50,s51,s52,s53,s54,s55,s56,s57,s58,s59,s60,s61,s62,s63,s64,s65,s66,s67,s68,s69,s70,s71,s72,s73,s74,s75,s76,s77,s78,s79,s80,s81,s82,s83,s84,s85,s86,s87,s88,s89,s90,s91,s92,s93,s94,s95,s96,s97,s98,s99,s100,s101,s102,s103,s104,s105,s106,s107,s108,s109,s110,s111,s112,s113,s114,s115,s116,s117,s118,s119,s120,s121,s122,s123,s124,s125,s126,s127,s128,s129,s130,s131,s132,s133,s134,s135,s136,s137,s138,s139,s140,s141,s142,s143,s144,s145,s146,s147,s148,s149,s150,s151,s152,s153,s154,s155,s156,s157,s158,s159,s160,s161,s162,s163,s164,s165,s166,s167,s168,s169,s170,s171,s172,s173,s174,s175,s176,s177,s178,s179,s180,s181,s182,s183,s184,s185,s186,s187,s188,s189,s190,s191,s192,s193,s194,s195,s196,s197,s198,s199,s200,s201,s202,s203,s204,s205,s206,s207,s208,s209,s210,s211,s212,s213,s214,s215,s216,s217,s218,s219,s220,s221,s222,s223,s224,s225,s226,s227,s228,s229,s230,s231,s232,s233,s234,s235,s236,s237,s238,s239,s240,s241,s242,s243,s244,s245,s246,s247,s248,s249,s250,s251,s252,s253,s254,s255,s256,s257,s258,s259,s260,s261,s262,s263,s264,s265,s266,s267,s268,s269,s270,s271,s272,s273,s274,s275,s276,s277,s278,s279,s280,s281,s282,s283,s284,s285,s286,s287,s288,s289,s290,s291,s292,s293,s294,s295,s296,s297,s298,s299,s300,s301,s302,s303,s304,s305,s306,s307,s308,s309,s310,s311,s312,s313,s314,s315,s316,s317,s318,s319,s320,s321,s322,s323,s324,s325,s326,s327,s328,s329,s330,s331,s332,s333,s334,s335,s336,s337,s338,s339,s340,s341,s342,s343,s344,s345,s346,s347,s348,s349,s350,s351,s352,s353,s354,s355,s356,s357,s358,s359,s360,s361,s362,s363,s364,s365,s366,s367,s368,s369,s370,s371,s372,s373,s374,s375,s376,s377,s378,s379,s380,s381,s382,s383,s384,s385,s386,s387,s388,s389,s390,s391,s392,s393,s394,s395,s396,s397,s398,s399,s400,s401,s402,s403,s404,s405,s406,s407,s408,s409,s410,s411,s412,s413,s414,s415,s416,s417,s418,s419,s420,s421,s422,s423,s424,s425,s426,s427,s428,s429,s430,s431,s432,s433,s434,s435,s436,s437,s438,s439,s440,s441,s442,s443,s444,s445,s446,s447,s448,s449,s450,s451,s452,s453,s454,s455,s456,s457,s458,s459,s460,s461,s462,s463,s464,s465,s466,s467,s468,s469,s470,s471,s472,s473,s474,s475,s476,s477,s478,s479,s480,s481,s482,s483,s484,s485,s486,s487,s488,s489,s490,s491,s492,s493,s494,s495,s496,s497,s498,s499,s500,s501,s502,s503,s504,s505,s506,s507,s508,s509,s510,s511,s512,s513,s514,s515,s516,s517,s518,s519,s520,s521,s522,s523,s524,s525,s526,s527,s528,s529,s530,s531,s532,s533,s534,s535,s536,s537,s538,s539,s540,s541,s542,s543,s544,s545,s546,s547,s548,s549,s550,s551,s552,s553,s554,s555,s556,s557,s558,s559,s560,s561,s562,s563,s564,s565,s566,s567,s568,s569,s570,s571,s572,s573,s574,s575,s576,s577,s578,s579,s580,s581,s582,s583,s584,s585,s586,s587,s588,s589,s590,s591,s592,s593,s594,s595,s596,s597,s598,s599,s600,s601,s602,s603,s604,s605,s606,s607,s608,s609,s610,s611,s612,s613,s614,s615,s616,s617,s618,s619,s620,s621,s622,s623,s624,s625,s626,s627,s628,s629,s630,s631,s632,s633,s634,s635,s636,s637,s638,s639,s640,s641,s642,s643,s644,s645,s646,s647,s648,s649,s650,s651,s652,s653,s654,s655,s656,s657,s658,s659,s660,s661,s662,s663,s664,s665,s666,s667,s668,s669,s670,s671,s672,s673,s674,s675,s676,s677,s678,s679,s680,s681,s682,s683,s684,s685,s686,s687,s688,s689,s690,s691,s692,s693,s694,s695,s696,s697,s698,s699,s700,s701,s702,s703,s704,s705,s706,s707,s708,s709,s710,s711,s712,s713,s714,s715,s716,s717,s718,s719,s720,s721,s722,s723,s724,s725,s726,s727,s728,s729,s730,s731,s732,s733,s734,s735,s736,s737,s738,s739,s740,s741,s742,s743,s744,s745,s746,s747,s748,s749,s750,s751,s752,s753,s754,s755,s756,s757,s758,s759,s760,s761,s762,s763,s764,s765,s766,s767,s768,s769,s770,s771,s772,s773,s774,s775,s776,s777,s778,s779,s780,s781,s782,s783,s784,s785,s786,s787,s788,s789,s790,s791,s792,s793,s794,s795,s796,s797,s798,s799,s800,s801,s802,s803,s804,s805,s806,s807,s808,s809,s810,s811,s812,s813,s814,s815,s816,s817,s818,s819,s820,s821,s822,s823,s824,s825,s826,s827,s828,s829,s830,s831,s832,s833,s834,s835,s836,s837,s838,s839,s840,s841,s842,s843,s844,s845,s846,s847,s848,s849,s850,s851,s852,s853,s854,s855,s856,s857,s858,s859,s860,s861,s862,s863,s864,s865,s866,s867,s868,s869,s870,s871,s872,s873,s874,s875,s876,s877,s878,s879,s880,s881,s882,s883,s884,s885,s886,s887,s888,s889,s890,s891,s892,s893,s894,s895,s896,s897,s898,s899,s900,s901,s902,s903,s904,s905,s906,s907,s908,s909,s910,s911,s912,s913,s914,s915,s916,s917,s918,s919,s920,s921,s922,s923,s924,s925,s926,s927,s928,s929,s930,s931,s932,s933,s934,s935,s936,s937,s938,s939,s940,s941,s942,s943,s944,s945,s946,s947,s948,s949,s950,s951,s952,s953,s954,s955,s956,s957,s958,s959,s960,s961,s962,s963,s964,s965,s966,s967,s968,s969,s970,s971,s972,s973,s974,s975,s976,s977,s978,s979,s980,s981,s982,s983,s984,s985,s986,s987,s988,s989,s990,s991,s992,s993,s994,s995,s996,s997,s998,s999,s1000,s1001,s1002,s1003,s1004,s1005,s1006,s1007,s1008,s1009,s1010,s1011,s1012,s1013,s1014,s1015,s1016,s1017,s1018,s1019,s1020,s1021,s1022,s1023,s1024,s1025,s1026,s1027,s1028,s1029,s1030,s1031,s1032,s1033,s1034,s1035,s1036,s1037,s1038,s1039,s1040,s1041,s1042,s1043,s1044,s1045,s1046,s1047,s1048,s1049,s1050,s1051,s1052,s1053,s1054,s1055,s1056,s1057,s1058,s1059,s1060,s1061,s1062,s1063,s1064,s1065,s1066,s1067,s1068,s1069,s1070,s1071,s1072,s1073,s1074,s1075,s1076,s1077,s1078,s1079,s1080,s1081,s1082,s1083,s1084,s1085,s1086,s1087,s1088,s1089,s1090,s1091,s1092,s1093,s1094,s1095,s1096,s1097,s1098,s1099,s1100,s1101,s1102,s1103,s1104,s1105,s1106,s1107,s1108,s1109,s1110,s1111,s1112,s1113,s1114,s1115,s1116,s1117,s1118,s1119,s1120,s1121,s1122,s1123,s1124,s1125,s1126,s1127,s1128,s1129,s1130,s1131,s1132,s1133,s1134,s1135,s1136,s1137,s1138,s1139,s1140,s1141,s1142,s1143,s1144,s1145,s1146,s1147,s1148,s1149,s1150,s1151,s1152,s1153,s1154,s1155,s1156,s1157,s1158,s1159,s1160,s1161,s1162,s1163,s1164,s1165,s1166,s1167,s1168,s1169,s1170,s1171,s1172,s1173,s1174,s1175,s1176,s1177,s1178,s1179,s1180,s1181,s1182,s1183,s1184,s1185,s1186,s1187,s1188,s1189,s1190,s1191,s1192,s1193,s1194,s1195,s1196,s1197,s1198,s1199,s1200,s1201,s1202,s1203,s1204,s1205,s1206,s1207,s1208,s1209,s1210,s1211,s1212,s1213,s1214,s1215,s1216,s1217,s1218,s1219,s1220,s1221,s1222,s1223,s1224,s1225,s1226,s1227,s1228,s1229,s1230,s1231,s1232,s1233,s1234,s1235,s1236,s1237,s1238,s1239,s1240,s1241,s1242,s1243,s1244,s1245,s1246,s1247,s1248,s1249,s1250,s1251,s1252,s1253,s1254,s1255,s1256,s1257,s1258,s1259,s1260,s1261,s1262,s1263,s1264,s1265,s1266,s1267,s1268,s1269,s1270,s1271,s1272,s1273,s1274,s1275,s1276,s1277,s1278,s1279,s1280,s1281,s1282,s1283,s1284,s1285,s1286,s1287,s1288,s1289,s1290,s1291,s1292,s1293,s1294,s1295,s1296,s1297,s1298,s1299,s1300,s1301,s1302,s1303,s1304,s1305,s1306,s1307,s1308,s1309,s1310,s1311,s1312,s1313,s1314,s1315,s1316,s1317,s1318,s1319,s1320,s1321,s1322,s1323,s1324,s1325,s1326,s1327,s1328,s1329,s1330,s1331,s1332,s1333,s1334,s1335,s1336,s1337,s1338,s1339,s1340,s1341,s1342,s1343,s1344,s1345,s1346,s1347,s1348,s1349,s1350
0.0,8.964226943623354,22.590845244044285,14.339829434345582,10.316596280685978,6.156214514748742,26.36448684970215,29.323395333472895,12.689011657371589,14.888813396615,14.110256155384764,37.11805163395756,24.89893752049949,19.848179452529383,9.451979918519594,34.138913182152905,11.079166353551184,8.690646179394605,17.867462573386806,18.752152683554584,18.07795505521012,22.754612666886153,19.151909606923414,27.086456594705233,17.418453583461957,28.75851261558912,19.631708343258087,30.057304521136654,14.065889014683197,13.264797747496454,10.633088678415923,5.107938078196449,19.74625878823427,14.65448622559435,28.73703818485575,20.849570924692017,-8.227028164743363,20.14319401737603,21.915918878548908,20.80205109723326,23.306247231866067,22.651190809194404,21.453579530403346,16.732793910241732,13.485716145235298,12.251550975005745,17.943010229871746,27.825448027193467,22.139244308449566,24.17113074781378,16.638555684562718,15.296111198710422,28.12900789597206,18.91056835707135,20.898633374023678,23.548585692986528,21.997572268468804,19.213175661102564,22.849814957908098,29.232361475239237,40.254092583733765,14.136665187053783,12.16447677884869,0.7656144378384155,21.17927577545914,10.322318659457528,9.144623534686573,11.293558455589682,14.412763744534676,41.75249848176184,43.45783525821286,29.354236176018144,14.692818178459419,20.986089366514673,20.945233544431126,4.679345402168986,14.624546048971109,6.661681108821975,12.510893396219885,32.86765291095417,23.1810113834343,21.163060799910763,7.906614104838056,31.05683514874486,28.889381447812283,39.48557474651746,30.386433477111744,27.0724421438338,17.21397519464105,17.541676312408494,16.235082758801212,32.78651496570392,31.388554912964803,10.586845021077227,11.099820989310356,26.116815815013943,24.1839974293025,30.401115661321526,4.715964580151905,21.876057789022923,22.154776512959156,9.069863279869763,17.67062816548424,34.239405059646835,4.898296770017602,5.35958750370729,25.372181412928782,39.42315730954619,18.738359718278367,26.768340401865753,14.63796056129105,11.468766299995503,14.491383138418463,2.451193564980027,19.872861022542892,32.29223873100589,22.797321445016262,35.08942764326094,21.95401605037756,27.009615846376324,8.63789057629625,18.09627211814147,22.594126090302957,6.221441261637148,22.12736874327643,24.725157709995116,23.928151543485544,36.09051169110461,17.864950196858025,24.207430649203115,12.277374431363544,13.490431403079775,9.534746392497107,1.509460547532953,12.436242775578107,23.66130758003955,20.99424056682717,23.70164130272006,27.12388538258847,22.516923666345615,10.782759338050527,17.00820999287404,17.250453683513143,12.629069407831278,25.69344847284129,14.513982038920261,28.158973580354164,29.783481531790844,17.200289509250695,22.214876046145058,12.11825022612275,23.992079126906432,0.47764383345226946,9.883674007046984,22.458088781958107,14.22958330538607,24.068155476928055,17.307284680829277,29.262501301668074,37.94163600375991,36.85802411746485,17.4282806086333,2.0357350451089005,0.9377314767418135,30.158033244672474,32.86638510391615,15.839489939850452,-2.196812986327174,14.978834388574493,16.764120524665483,30.665545038346494,25.564540951361984,30.15105367908042,10.730546298715675,0.018035629665590136,7.833719715406799,19.972200129377672,16.51712279849683,7.95330025774793,28.384033500829677,8.4622615018989,17.833001716886592,23.808970780633206,17.21298253577056,9.292386742395454,26.511076036199285,25.1685082262654,22.165676541446206,39.53155951733035,22.442620317141238,16.2824638675921,34.38543342422179,28.812277580521332,24.245889556544235,11.194162408256174,13.625171612631938,31.531431186010103,31.202148151013212,19.674221116855723,4.1295317153405975,37.82037017094465,20.08057418945427,26.886985311747168,36.06208998470601,15.64553872851181,22.356559278488703,17.059533857910054,25.03420924971462,30.305503261081405,15.599860660276942,35.235532308557474,26.66289770915352,25.048734306714035,13.298635700487345,13.949495580044495,15.239621558316752,15.227234428825899,28.415789784455598,5.676609331760682,30.14225014854557,11.623010540027327,25.369719047697785,-4.425396553085733,14.3857541469824,19.717870863156374,20.117571193673495,23.53948660783164,42.72446782393471,17.774532884407748,24.144368598544638,11.946946229326626,19.34648917653373,22.190904964427517,29.682184043945426,20.65488373449884,9.314186400024603,22.000320274881492,23.538230699750095,25.652528713062438,34.61769019728641,7.255121167244059,6.998777798199486,18.102105685953415,35.52191715457804,41.317180309037795,-1.1292520469445613,30.98794339210008,27.331031600661802,23.22487273161302,12.327196381611184,24.35222309168431,3.883799460991348,38.17987861820279,11.850061506156484,22.919313208373573,29.950497165146075,33.72699233862966,5.960331571295409,15.765322666746338,26.369586338573388,18.401000770994727,25.439987439872358,32.24706558324837,20.55349946043476,26.467241848612897,15.677322913302397,18.533510239977375,33.80159387069302,20.190609212922286,29.222202585956428,13.520727705046466,16.03301440445584,27.148264603294177,18.832576808114457,7.13299010008773,15.827649504164032,38.47261778845599,12.10159249504246,11.848024884543104,6.860421753252963,20.008985622124676,15.90339129083667,30.86759050572951,12.137403587893195,18.20584307220505,-1.3358205096263944,1.4896306710554015,10.518488177836309,6.0882242913842575,32.343433864839696,33.912416297078764,34.44156230840901,21.013960462153385,30.351834833814635,21.61879071561469,24.40753852801951,16.259196057018247,0.5983293728447592,13.785692644398544,30.083842266371864,17.085662485622596,21.216025199990433,15.792894097808462,-7.145019102960969,33.445961774957105,24.652175272265765,26.532528489325024,12.632873192320769,46.056404437325625,10.922011984748519,24.880348000470562,18.75840957516955,19.96735475668839,22.310328733306637,19.364841206250865,3.2109188009837304,14.669548776178441,13.363922406897297,13.395480131793349,2.624442724353436,10.326268036404215,4.849746380607806,31.376583006537125,21.377594007009403,23.506148708895225,18.766816660740727,12.043479009184704,0.15085086775303935,8.29958055703898,14.6682395993151,29.353108224863945,14.673723651673352,3.4840731172775037,31.971286231009948,30.489528576035024,26.91978641944015,18.516714392273872,14.929092474651526,10.825051456766884,8.889630544511686,22.491801998627707,35.30284604808473,23.299213695280596,15.07245803269281,21.761463910537778,14.80724792839169,15.67390026081446,15.126207782278126,16.536620862556873,20.60672248425745,31.93426148815579,34.6365744323549,20.963658704952987,32.17921799321584,14.745460432646382,25.587590833581835,28.34587664354281,22.738156770305217,19.42133285381125,42.44212906809089,11.165257433253693,19.973746690781393,15.745341649284764,12.387876286269586,20.642423279240006,18.945580936129,30.20931004600417,20.159899267699522,25.430039767987903,18.397926830022666,9.667849874755898,19.924435868160824,21.550684677769627,12.450072638033667,14.099975319949838,25.59683847424349,7.642848559281996,22.58666862207352,10.261178709478596,15.40850447390871,23.513329921348337,13.405803021543484,14.641463451781586,8.91733313394445,34.22322934420769,27.04398752240612,24.848640008616115,27.17838697736502,30.109481845885536,24.145653936866914,9.688964334075367,19.389977633519756,23.274593397706735,22.295730680500327,16.52555084606017,33.62175123313603,32.16636390866766,22.696135155105534,9.96003478162306,28.3563560813074,42.74329246667253,29.808779736714275,14.061035299392543,10.788101941568302,3.3021983682142704,26.091365114177933,24.9907597740497,31.662803127289433,28.599672437737816,19.915766615754873,28.819541264492265,14.02677310690213,34.629299753365515,20.91834439856719,16.192581269781158,14.636449046871562,23.013043423916535,12.982541881742343,9.26111899732085,33.3135889729817,0.21841355101913962,28.411614602485987,32.25418193004419,26.57477869513523,12.353751379268443,33.65503034767044,26.611180418516287,23.532721065690517,3.686740715592329,40.642814268802766,17.773930759306428,35.266363361000074,38.321656227525885,33.56022630483362,29.542695728866814,13.279085305773867,20.68313497991262,28.294740742507066,28.270285588805425,12.326961734716926,5.51508325039287,19.070196012637226,30.16974020696213,25.672709583195477,16.272306422017618,30.098014227879986,30.475767166857377,20.67692321672663,5.992772267746577,35.403931252258715,11.28261230058927,14.551678818057615,25.349964295909547,13.067769759509378,27.262758081433375,33.698574340550664,29.315453519387557,11.506285021098586,18.387244022851505,26.45233085978152,15.453827513996115,22.061583538768332,34.477941083330116,31.424268812442243,18.143270049295573,9.04866050386107,38.17832856067583,21.40192929142864,15.866196275305828,22.802018886999416,23.465185370492556,18.994927139989333,11.311534453102324,23.71746343434825,7.301835342493222,15.305919024306483,27.42013676860035,17.98015488717638,13.474330707692651,17.383379364200934,11.324770751417777,12.898810790285985,14.951635046745515,13.733040562829789,23.164321435329867,21.12537245936358,23.38999404418686,13.845867047014485,9.701396040151295,30.446357767995163,15.455241937736265,13.834265130627875,20.998872151300187,34.483073696360236,35.23994103222709,22.487488133682156,26.320245723046938,30.672193808150467,13.661316537052103,21.28314926724994,8.35728920024617,29.6129903725331,2.377183957100975,38.733199464306026,12.647007962206622,35.91971479710817,21.382452126336883,15.329226265792979,18.78301142617919,16.605359898707324,28.068503272285074,22.470848295247436,36.374027746652956,30.181802791928646,-2.375881252803641,36.819236614365764,9.97864271507389,26.903070306567194,8.301440507755327,27.91294290034661,17.490437560718945,13.361700899406834,24.103369072344176,13.829794091980823,40.37956659948368,25.350021381484957,21.35690496366958,25.407167151517342,11.976310637597102,45.14946299899336,12.411105735354885,6.9002372304654624,19.11426870014173,23.896042930534577,28.71089353640764,15.208881453654913,28.61794702071223,23.219927169468853,19.20716867485568,25.862899921118327,26.265292784932484,7.995671221675995,25.937260479192673,-3.1977281084303506,12.654556932120206,22.94995413686049,25.817705069729442,26.534709653356245,0.2269588653525254,5.7091172245886455,15.609572277378128,16.913016977824817,41.48753993889835,14.211716684942012,18.894829967445236,29.02184905834695,22.86849778481876,28.637274046751042,15.44680906689182,20.761051555073216,25.891739894606204,6.032975978207881,23.310266490440902,30.033070065064887,41.42393316714341,17.329181203042186,25.47356721953053,13.473255206512661,21.068699944215187,36.266177865948336,22.926389215501576,12.015116174737948,22.06025136816295,21.26417408867688,25.615629668791577,10.180424100689093,25.82544257366243,24.4227706232454,18.61056437065058,27.818114072907914,13.996368117485005,20.109474787744876,15.424722523682435,34.94609364746513,31.7631062289786,8.121940404872836,26.045163598000713,26.34112483944597,14.700553309030713,25.874805318417422,26.291216086745322,20.610421848532884,28.021529511721404,29.62669760330577,21.406853446491443,17.75673098784771,28.469215139727986,21.93150599810633,22.76700890194378,31.670161191150463,20.312099079476184,22.722439065427167,13.1316207518578,29.136029685700557,12.57222926655393,31.754422129705134,35.183809183711666,30.534105991470156,15.021251516202248,20.439930863794004,14.710760398627585,9.735684296001168,19.809795285050537,30.191090667375576,6.740452351523341,17.687605602151013,8.27251365741507,29.841355603944837,11.41950966873887,19.447987384102817,15.947463330049434,12.787716599413578,37.33293353364704,19.16698546450019,29.02229441768931,16.03692699857985,49.029690451578944,12.065106145433322,29.0328626443726,27.25767096158494,14.727055086534623,19.271057656160767,24.329969123981662,2.290797619732867,9.762323002775013,9.37133792816175,27.327372636421103,4.510009302275398,37.15319441788564,22.925447812917806,24.13666846976453,10.057117971393183,9.217541505280343,18.42786826598234,2.172470609896436,17.34636078587416,10.402378290007361,20.98233284454246,-0.9603411501441563,11.985054464083607,14.194525961883809,30.251594971868947,34.82631159745697,14.87048114885514,28.82015963584206,19.354374707477582,5.677970663579503,20.215115986890467,11.176661699865768,16.92811382813072,18.11468104673927,40.17210186653324,23.152082799824903,25.17550128949806,12.87771657030395,29.984408334127167,11.438732778033572,26.746337686595687,17.553626611675107,17.406803753741386,15.651025713471899,19.98977085425487,5.977162176516638,5.759532154245765,18.51558311270051,23.358308638654073,31.483344732990894,31.75088453584459,31.27239585305229,20.08827024541759,19.881455943444227,9.412538688623332,15.947327535691993,11.415716280966315,26.797700032105617,17.383368825554776,16.56342164923537,27.312569488770464,7.651048393522284,26.867878946816205,15.967477311154028,19.868176074679898,32.422996411716454,27.963629395722883,34.44507185302004,40.60736293904671,26.70543441635692,29.878819478112263,27.44714802663107,10.627780725018049,34.736967877611484,33.58646232568472,19.96473599782265,24.120337885401945,20.050921685474947,17.22152563031377,21.264237505507456,25.882366207969035,3.935273456531366,15.285285165680307,30.84035903844275,32.23606250177255,21.778891915454924,19.918704475644475,10.335115185480653,20.15807241059089,14.701272842581647,14.021692276963662,12.13275139354854,4.26609867946318,28.74222172024593,11.084154425104618,15.541100429968601,23.558976714762046,13.716103155977244,15.094276624265667,40.18456416866975,10.67332439517777,11.158520824961952,6.272497039146954,18.105327034061208,29.038071227185565,15.057784437785402,16.125290659490453,14.91031651742653,21.35695469404275,19.920780431371792,27.435875229067644,16.26983912583352,14.884033988450259,20.718865850796934,4.162465301520903,5.423768569124377,26.154104711439246,16.683853208199437,26.990914132582162,14.031082057595537,19.15575267791739,21.601368607305293,16.855589442793672,29.174188360255165,23.730198121056542,20.193648775830408,38.20863320812381,5.044638482176584,11.503784798419566,17.622828078983797,18.700592027822186,20.22799128704432,26.364084853105823,30.349404869408403,20.30489606708426,20.2372034758776,9.923688697109283,24.56513538773041,21.291377237599118,24.40175778462833,2.8348777375562904,39.422532619811975,27.59335642765815,21.65249634771098,13.905966262301899,22.840755058321726,41.638975749025384,1.0968790420241668,30.355687089122686,-0.5937805090877326,28.32579186010518,23.703501815517317,15.783327029698658,18.788023464377936,23.128909397843508,31.798637864181437,16.770358044181258,10.804362050495971,6.458163631442774,17.071440000352716,22.60081764758182,33.94539901994058,6.916751287806747,14.98860879798723,10.326399940636895,17.170503095302458,12.681730280691518,22.24433040338299,14.82531867465634,31.18753968790438,12.376698874831154,17.61339653300268,33.22436685241223,16.975685298519487,26.528505822957612,8.425382426126253,20.764310270878276,18.77534463658346,8.453701541225415,30.526257468402896,27.519157800897794,36.13913070614001,14.791458374619651,23.799302008908022,29.997899569964297,21.18636575785284,20.66038169645735,30.117340970664465,6.872127071922993,-1.372712028388431,16.965252880010524,29.28268981029638,9.059590879857513,15.235349260821158,29.140933275190015,16.74310621742665,29.168210177610067,30.40301080277515,15.436515324951294,24.307468677295205,23.046497673709148,31.14456033280227,31.264053635703817,24.540390676973065,21.650628781549965,-1.3449405460515713,26.3294652818252,18.925280696471194,4.746126817869872,13.16207219579784,10.215334253011449,21.034399834138156,27.47303650351647,17.33275424205118,17.12748243987378,19.710685397245495,29.550602232476074,32.61347387282212,26.922296538746252,7.523980857908835,8.853564944578848,29.59198432262466,26.504465147718605,18.108364801913346,16.457873057243578,21.9736461723592,25.467230826083536,17.583756379679286,12.977833492944272,15.979251130501076,36.401766093369176,34.65733037753978,24.704202724430687,31.625296673715237,3.95611625016436,20.071005205640997,23.37223953418648,34.19270371128415,13.396823293294077,27.170239176652153,27.317690949349767,15.87597661632184,11.873408891401876,25.352161462035337,25.053724298376075,23.888180905438375,-4.5979143000598945,18.702250818667583,25.95904239915404,18.023083449700128,6.431161895731865,26.217558402853303,27.032990330183196,21.404312892089738,17.81750604226202,6.019597922793597,14.945687390156637,27.83856352417888,21.27906260465102,13.16375194746394,21.713454875890793,23.923822419299533,20.353869548136295,38.54050382247432,28.657915193937693,14.28354886453564,18.95581116288846,21.309458267018083,24.471116022826312,21.069852874614003,10.676401038835278,13.854669412446407,15.524083711201275,1.1884347157363742,18.790959900743008,18.271169476400022,27.268607408904465,22.227523943798833,13.079006242202803,24.529398613917696,14.898565833416676,17.59202661481019,28.89560823114072,11.184223643062536,35.60642673167304,10.246431762074552,24.92502752681677,8.468434199570464,19.902149933161613,30.164989977234832,23.362307534275523,10.383181396268874,9.703259456027467,26.19692475022,40.89559076540304,13.89529721445134,11.601759620957592,-0.365940870216626,36.40961935384667,14.312971901635821,28.428397574856177,24.315883605386194,24.13471113426906,45.77394226381905,21.875257491136367,41.91349499676165,25.338566542373897,-10.464965811339937,25.74668220201643,-9.366522772307622,10.35004596458496,22.7349513525575,29.4178599429198,20.376503912548653,8.739497525773317,11.995015789776891,22.22563340052652,-2.23923450176018,16.38946435125614,15.492896078270594,10.839498749970755,17.98479963153742,8.385117429631126,21.464722475176792,16.005935774917827,34.56563007795678,23.801345591418364,8.966051967779272,30.7730258299314,36.00744531770225,28.284023782205942,24.112566350512232,23.21884202706012,22.854722177284575,11.126820471641881,32.8451590611736,30.001152735555316,2.5292689364106664,27.88201729168149,20.504521355593777,25.073442507088885,25.057648445395664,14.869462208250166,5.801844625260866,30.55989434136948,9.030328889608064,18.91465716682646,18.752440335139077,9.17134253778512,5.231949983886649,9.027343116107073,13.213140091605785,24.98450424981374,6.364198375185914,32.24573945103205,6.839627197056643,34.026804704497444,7.874046657915601,18.985192580560525,17.204214794060967,2.413248944253862,15.047278448394314,24.169002334378035,24.94994999366697,15.235002393319117,22.616933162917462,15.55029865405638,2.7792896096951374,2.9172419227420185,28.88189271563295,17.4322950592723,23.39570577016881,24.762347623051724,29.87363529273546,31.288257414242093,33.81819180277664,24.23983355079266,26.91508900086128,22.047993312220463,22.03619572144012,24.962458449859085,15.490254704898678,14.944602108315824,15.427012787645456,17.22644831436882,25.635190212316676,20.904949244850258,37.002906922121966,31.662550079754514,22.92537615331008,6.616394996734282,18.17329940157771,17.85502705624757,1.2322911869377329,12.77181592173245,30.79946848690694,38.05457829420166,42.843963930284445,21.168920069418682,18.21364286524387,28.42157689717086,16.42119490414303,29.311129021468233,-4.289226710985233,23.977612831252895,27.643668988387056,12.94625646730793,24.359090458370222,26.25058112709371,13.850033785785882,13.86656088496061,14.993890232425038,25.047178252094728,14.356958532772092,30.005319166591526,19.513617476591772,20.218506623155438,20.44381100816166,34.144571841104586,45.43151965413488,16.22577767544756,25.9918189866462,18.643689733046518,1.0731105216408423,11.820456903800054,27.365172016611087,29.344297045446105,25.28258871027381,29.68257479905149,25.41311296835886,30.91417536624163,25.47661328937556,23.02791223642143,5.10922621340146,8.196949540034712,25.65103862684646,30.24017538770687,6.717040141177289,13.055554855660635,25.923709595224942,16.21296751668961,37.100147420124614,26.008435332902792,25.34404442059449,29.154258487570118,37.87500993108796,22.58431438469421,34.18556560612321,27.131625304963897,19.16878071485929,16.48744474540051,18.910745726930845,28.88552135971785,29.28340946016755,-0.6003200723501791,18.373736062374444,19.97712640005106,47.80189938229678,22.023978887766013,26.853955797724517,18.180719769215067,24.653801731037802,27.67784930896739,22.20907048179472,28.992201499651927,-4.0298196417248136,15.166844364418997,6.539623757429478,28.781677931762886,21.013922904239955,14.381294250149885,28.80366259129616,25.263857400294363,19.482324428135115,10.741894959567498,16.932479458653958,13.84484727260364,48.60377100751019,38.622788604000135,30.70980786330548,22.419724255406745,19.734034049615953,27.97519697041391,10.195825719563917,-0.9194913142379981,17.584535059523827,12.80693894433852,19.13276366335037,23.24697517662473,10.321884066844447,10.54972996373682,15.655700840088487,5.481650447989955,22.97215472051868,35.92405692318603,34.70481597598225,38.959913250822794,15.426768527481814,13.076638153586334,12.424307254557466,13.644955398603898,29.055402790472073,7.759309165454583,8.475916033990307,29.39226910018148,15.985516215218945,22.939441581723536,16.89292804207288,5.795706971459726,16.39904201655356,7.204830244841098,36.67465299171206,26.61563139148579,24.790007549069344,20.666451005606252,25.757404177085927,12.125641207834647,-0.6793487749588998,-0.6365546053365279,27.23216583981751,28.280702854322307,34.88681367783299,14.483750746294438,25.028773139953344,22.704300980567186,21.82745962895867,31.907905180010616,19.4120507557427,23.60752138354041,26.055107296065966,28.370185913955414,19.4862308835811,-2.5468592714942027,18.727318006720214,30.379687089385143,20.48840583554282,17.573899906586725,14.994044547144979,24.703878118408873,18.209865465156085,9.657969394805669,39.75982706961925,33.82283062298369,20.612071957614443,12.845540836372216,20.18575612695428,34.19590075505192,30.100346943786324,21.11319407044102,23.91441163991973,21.465547973322014,22.532582492359893,30.001385022050098,20.60137692371862,27.419620239357272,14.449390642959905,33.127430840296086,26.977426460485695,35.79540041951654,25.45598263237151,15.793540166898017,16.02755454412677,20.052901023471247,10.007484565921015,24.124670361973493,37.883104991676205,21.578913209854253,8.016801847258424,20.724042377431783,24.139697466987908,17.346870857516706,29.83853447880651,18.45580851866752,30.720160906844875,8.771369956639276,12.798290887709596,4.631271453535666,20.790380847439476,28.38295849884544,16.0361005491334,30.5701465791419,18.132704542722706,20.257755463821372,26.02309423349214,14.577708675135739,25.07328429438489,-0.7225823992280596,23.348596624768767,1.1570929656345115,14.385355339073005,16.130028392267313,14.868578245490676,13.071929773621747,20.353182055063105,19.481139520329563,14.76203406875641,4.649647302812859,16.612791903166414,19.140979933000565,15.678950981750674,26.865597621641136,12.94099335128952,26.891469094464284,17.044371378788753,26.824544052603805,19.966681310577552,33.5097306956268,16.43752001340071,22.515139528766653,26.62128338100273,26.02052014785707,18.137747546397044,28.390685168841003,37.88301223790252,24.889072133598233,8.833447082354933,8.530106304320086,24.795418575925822,18.801831524822077,6.075693420700901,26.824262903447014,10.064480738824793,13.021495680944676,17.040847124674322,8.488651906244943,27.424663144866187,-1.9028816028715028,30.08351963922548,16.71293653434097,23.932760422707137,16.23967931266362,21.970147414443524,23.61908143199708,10.931315992822713,15.62370283613415,29.472192370343677,6.7032038255098225,18.939275050370007,18.865460820320408,25.886230023805005,15.087897861866328,12.567777529409005,16.488444141308246,10.888962219931722,18.876558466375137,28.346481079507953,-3.613375775415161,20.902626212838406,15.02265016295718,34.45707910407364,17.197081714511224,22.70997441507516,17.789036074027653,26.78724113654568,17.25390145343106,20.276030880192298,27.578496822129615,13.6995642473387,15.000069889838194,24.626178811018363,26.53026372226703,10.413085064704825,26.62159240753319,6.349557439528171,15.815412396840852,12.33498615023069,21.13124107381012,20.02447368622534,11.614998348049774,40.59452348417504,13.948646849647538,9.67466312080764,14.998074335121004,21.6755809814924,13.945433859983165,11.817496154195004,15.322535961977888,14.612895308912172,26.650473382889416,19.611833720268656,19.263521422841414,22.028946629838863,11.699941742787733,9.767312600559668,13.715101390299477,27.693355053034814,18.27387416768072,20.14074965716628,27.483278323152707,18.328438729280197,19.4101164740054,28.34112330794727,27.148170113569243,24.177406529321477,9.646862194474679,13.878708360635699,16.132043267718707,11.508545665557424,16.933905908573486,3.5949739046064018,16.863108908001028,30.8658429245205,37.02646488785572,22.934951375055924,35.056613653790194,21.14093507886655,12.48422644008981,25.91079421760195,16.186150433808347,46.833048350366845,19.091607786568392,25.032949308192613,16.777903252947098,31.944425974887157,18.626406561127027,3.3425005486494115,27.10766904473936,34.12593002757257,28.06404030144031,1.9381020299991079,25.16931529483333,9.721800480293432,14.897883356376663,21.15673037711844
1.0,36.58648324140377,40.19454752467492,37.3110770107601,30.597359337252712,38.25755928445369,55.81321261053442,41.877263673372084,52.12038752071591,54.776995762369,53.666912888699066,37.19629352396281,52.16227417632576,81.4685799674582,61.98708048210891,54.21727371801248,82.69359139419771,53.56258351054208,74.5699285240593,69.79869623245156,93.50926164334814,91.67336470009293,70.85710665462436,99.90294082847514,98.81693034396636,85.8531537126015,80.56664453554119,99.06204910319306,109.1657470148816,101.86425061757329,98.95108029462457,118.1887584038186,121.838247920623,113.67956046924841,124.19831623872425,143.33642541352086,117.42928777649914,115.73039415877247,143.71797739131088,130.05877566018674,132.97018889996394,120.89609303489402,140.0436534681944,152.21368253801353,160.93081330384385,163.22788442378777,19.44877941481269,19.59015027658901,39.103643937949414,48.973059215720546,45.59207101705965,42.187783208962244,40.00260860888896,37.01321356740178,32.56358071812079,62.440288097182204,69.65896945468326,51.31326076396568,66.31962356468418,58.79270847612182,65.73429873643474,62.782343894087724,61.298745716301326,73.18289794274284,74.70327292900564,74.16754540120357,68.11311383820168,92.73605115595717,88.14648576484944,103.5659063133335,84.90611127886014,95.75702100546822,86.85840190709008,95.69519309595387,112.37505291867427,120.36764466849787,126.79485250660431,92.99813731090575,119.96402574089598,119.49618539000924,121.6999490165714,134.6809762842978,134.07274359374114,142.77904262709654,142.18455690434615,142.93140830872835,135.86140376574897,162.5669085654994,147.9994971366403,154.96859461899876,141.2148511142173,31.237816114747726,13.661162013055108,36.5828500736845,19.182078472647227,35.08450502362562,41.08541897383776,29.41455649109855,54.08112763349029,46.44945548381366,49.751546968824506,60.58048518602276,62.01085439618966,73.91082122422667,65.4820143264033,54.88362388820839,55.65920097239956,86.37621377985381,83.18598375187403,58.56722174618577,69.66567031252131,79.39916669282424,76.8237881329622,84.3230224826263,88.43430533248603,97.78296885671413,90.74389607833719,101.89155184220598,105.65383815525578,109.56322261877851,109.69989327779214,101.2626533481585,128.86718078183776,120.48597377972699,105.16168584028009,119.08784926126047,131.60635561831646,132.80123695096128,119.89487135372326,141.0800337689631,145.89135467844784,140.33098080764805,158.55574492742323,142.88023436768663,155.6509445273236,162.59072254001748,39.89738819012263,24.3806565173305,29.30346980941474,47.59043668791635,8.41061920137323,44.27712809700871,48.19348027533428,43.01419164253873,44.91434439419374,69.87130266296325,61.2207175118632,57.558141894767786,60.866312235723804,70.48920251166687,50.05110474724771,76.2569361332549,82.73912663677267,82.5438835131787,73.59455599061074,75.69620980946893,75.9578615034449,89.64802501733062,100.47108364140595,99.22036532722325,103.75887578479741,103.69199202497205,113.18547782716459,94.83561451718751,104.48204048660472,114.26603798775459,127.30785441411626,107.18342943001632,117.5053856954823,119.08525806661727,131.33195456817148,138.17263105729046,112.95239798965355,153.66121651193993,131.6465416723066,119.82581491446992,142.8640912566578,152.5562820787054,168.7912887462041,143.3916494541248,141.21401943645418,26.714894237834063,34.561895292602834,23.315636347772593,29.039364420464103,24.612218274922746,41.9548677159613,50.27046058719461,45.16586565952031,37.80657384518642,62.70527857475946,40.45448864376584,45.19107417741549,68.2924603866614,70.55463522621143,52.46104720662269,76.27451235701538,86.73424643162045,72.9329809044999,63.81603302194017,96.43020879017864,83.3346582828675,100.32043693968882,81.72516170872598,82.78735619787847,102.04400612138345,96.03166791455091,88.75670449115755,108.53158449244006,111.62839224104793,117.69013143172486,112.01708905068467,93.15541311259906,115.50321612030041,136.46806493401408,111.21730755675782,129.89249866455916,130.8215579798179,141.85519850125027,155.69993889377164,132.0517255206256,139.0232308309547,151.4678702580982,156.81864647238004,135.6272442891669,156.51192363359252,9.737976665425585,18.823080592208814,16.315842907706827,29.949617506857123,49.4867150706816,31.58519788795335,49.19937413856764,26.329133866421632,41.24885907798406,52.816823742137075,55.98207568672329,65.35968104067852,51.002758467618825,47.522627078791324,59.78871833969174,68.64783199644579,76.1215324167065,63.74374335295035,74.97644153766745,78.13433394315066,93.77208101396025,100.00201398884874,80.87320041919149,79.45603858018491,86.35932047789751,98.44891665185851,107.54839313279751,100.74888153970694,117.20149602632219,111.7513439497816,106.95397248076401,94.73720949269318,103.90440913637578,128.04642571539677,126.7670425459392,105.91999286948247,117.77531631322671,119.70283865419273,135.14281748964476,138.4196417354546,143.88717084947308,142.1775267304547,120.1350144300187,154.72180053538492,161.51032981008746,35.73947418285314,6.913262703810041,28.318153463943364,18.904277832620124,44.724920262765664,48.051162500375824,26.41933181417124,57.65045746849787,45.27115524660767,40.016297349025315,45.964720184271435,44.94245305026114,46.84832488226576,59.336873706200315,46.881929098590845,51.77284100157263,72.84682515944658,57.23314154617408,80.62706561702772,63.99879007860939,82.6179703285777,89.42210075076774,83.72954546468003,102.91659396422516,105.62738052490118,90.52542394541908,111.48313065368015,78.81620772470603,109.30651432739312,96.91248314569464,121.00378985599868,128.33044082641496,114.85811079152307,124.53430486511022,111.39881417040785,136.33074105221542,123.06455676646064,127.39280744940439,125.60721924416266,132.14506014611132,127.19964518622965,138.19309579231776,143.39413012669112,158.66843545224785,166.23341966935425,45.28837159918524,28.92885233233619,27.392616842084635,34.0036204074884,44.19048247855717,45.53937834706798,31.048631203515654,53.962361366372214,42.864397172775014,54.084133346366364,60.53319742579654,50.500518966541414,75.25718182467742,53.80816777814257,79.0630176792375,94.31566375448472,68.59783973744133,68.14504754477893,72.72350303228923,96.55609586463511,81.07757299310495,98.00521341102056,75.61271604383779,101.20215157564473,101.49338162297323,89.24881194705713,97.84837393160427,94.23309112203488,125.35169770640759,118.23381484435804,109.16510336988586,107.95744329990649,119.62241530095932,114.97131915365881,123.21420818775562,110.02760818274594,122.13009605195752,128.77999853985182,143.79517600766087,130.73078499601223,157.67976031483337,138.6222719792034,139.81231730707555,155.56784757508342,147.07364909674834,35.112033477242555,43.44160693728426,6.955335924132932,33.35954417754496,41.62044667811851,51.983611498798595,62.70440055390188,38.2003685493023,52.684669599114976,61.93564292001018,51.45600433892417,70.68820586654817,79.67090733421112,64.08439490743078,68.21484296558458,69.99571717714332,78.61876790912193,80.98251489207233,81.47794591584886,87.37171334971755,89.29450793981901,74.9063016356514,92.22856805710153,88.71206233475534,102.46860913857178,81.3169290454113,101.90148399928856,104.4505130150473,114.46560047651874,122.40125069851429,102.50509967428692,111.82918741951075,111.66272504390844,129.21201516386284,119.04611615290675,114.32342008457094,118.86473235955584,124.40889140898643,132.36927574221647,131.13395045883453,156.33853649100325,146.47842876658342,148.2962131006303,148.7394935354921,170.90560666457964,48.86723997820227,33.618917468855905,37.33452230996445,38.03235152814828,29.410316317802227,16.57688628931567,55.38394492107435,49.10061185589643,45.42117744385138,45.60963162070732,50.99137242669049,51.91359492345722,57.07624352062017,83.98721650125742,62.13754631243006,54.15585094314923,67.21737080371919,92.73366151459228,63.22200486563323,63.57123323823547,83.61906038479395,75.9593042034597,91.70359493943248,117.44276304299329,95.25546673527911,93.78237736499196,103.66280152078475,104.44150910341291,105.82235124073796,118.97628318204073,129.51648663396122,121.22179262054144,124.59407850825646,110.45671051643065,128.263327298503,142.37257856576372,120.34002717935373,143.97233907367468,136.15255209374766,135.99600298487331,133.16038811366965,155.96030845028992,141.28018575987505,135.38251723745125,154.0371313511811,16.75865135542087,27.94032299100426,30.337315963273557,54.338523609991654,31.898168865624957,45.12162449521296,42.13407844644772,65.56679272044468,41.06100438612093,73.08952913332264,56.759030871483375,59.999319478733405,63.2828755092574,62.830412845375655,51.444454181794356,63.584748591680636,68.56629019896234,76.27803895388566,81.46598579288067,65.01076136692075,62.048618849212005,75.05783781521268,80.70299107435015,108.49582485556417,111.11534367150688,100.6594899371263,94.60576092020519,97.48870805069384,99.25022270896403,111.84544138952661,113.7086130379321,108.44687537872751,120.7155282256195,123.56553447267446,139.1082633521758,130.6822597361342,118.38288438735862,127.51753730990549,135.5171543954243,117.90701524706337,148.16447363796655,157.6178043322398,160.85125903763364,160.61872510055443,160.36298450090342,26.565920959781735,37.1379756262376,43.74099041542142,35.630885727476,35.56718905617222,51.10510226212367,41.65219385406522,49.155959694414,36.857938799486725,58.56210252960351,36.93840347461918,39.257060853489506,52.585949449306085,44.97244546140567,59.08461560456406,67.72203943863286,76.26383996258497,73.45568894691704,73.65006408337874,70.29398958108649,70.57159050065866,81.88314885573246,94.06096195428414,92.32168371004767,92.85673384520754,74.94301558057604,121.3512307032397,98.91062668892005,118.33469168201452,87.75333270311988,113.783080849842,100.59832356041349,132.84549329172066,119.2769608399988,118.8970834641468,115.94291780603426,138.7170410301363,129.69195846018923,140.95860831546545,151.29962977253788,125.08012455834542,137.51547642387973,141.50097426762485,154.90925825193727,159.11526610784102,28.972276694595827,22.09165022594447,21.907906071250515,37.527509683213026,39.002008805309295,51.70347545904539,42.88764749506437,70.61700179389855,41.15198724971377,56.03584918672706,54.13263797540684,70.9288833648552,71.00554779085235,58.305613689922666,71.10138663060822,52.50007874810616,65.5621012032625,80.94460818340025,62.27485272688433,69.16415020583922,83.52670372242648,94.72379110319156,108.52127807863002,93.02337749241465,102.90467297306958,104.79056454436049,100.98277768135995,101.65157567412462,109.6268889492716,93.76879011750414,116.99497776818872,117.31593421532764,121.54698210621942,106.29283472361092,128.34847103110218,122.48589906680328,124.0255808442517,131.31614224501683,139.52039623291918,123.74609623910321,134.7754422992004,156.85654557719766,146.4759362546725,150.5305975623794,141.91967176323297,46.95791731234743,13.368639598343776,35.629532090108434,35.1748358730515,50.45640901566295,29.16226984190611,30.617101544277034,39.83313234249047,41.133782815614644,52.444265349931754,76.56529346816606,56.10817184880095,68.63038490944287,61.36521519194983,76.90018520475789,68.8609004016786,83.81955678768225,76.49467372761846,86.4652997254038,74.29000790957227,83.8436155289273,75.03483535801196,87.73590347712842,87.78005745183106,92.25123219925429,95.28027446894828,102.73801078188934,117.96717131191068,109.09856087634277,98.09877408935448,102.57894482421985,118.55627597439224,101.20953475269911,115.35573572759681,130.22329112650775,122.67449151555373,128.4424179447361,127.9382736761541,121.23624576352779,132.54435124281855,143.0195032222187,144.77556321842007,143.10986983206564,149.32780628151255,154.5475070341421,19.360100753492258,14.158664877707183,21.49451663542975,15.755445529245307,34.379861375333114,40.18699353123468,77.00998507285908,46.53626682314359,33.72889268054138,47.63610463681229,60.14276948707289,40.116449436863554,72.35703154306003,59.3381693677231,69.75823055792365,77.83090990815096,72.78522069003044,81.32320901390949,89.88050039131312,72.78262115855598,77.03886604798605,93.06620793356186,96.98892677481646,101.71296967903282,90.31776885267827,94.77825508732387,95.31593825227962,119.2989843001343,91.42999517283688,104.82804746772,95.89174930725312,108.34378323388619,119.60781311464389,106.27161184706782,121.59744656996128,115.93212651171778,152.58644434082223,124.22611196615466,144.41776829801017,140.68055844954216,136.00634053216464,140.058915580947,131.67240749146222,140.07477988551153,171.67583591692414,33.13154219474384,11.974645322435308,28.511904531103852,31.5718052786401,54.103530892694906,33.60809425065175,54.566204187339586,46.54707534723014,39.44632692669249,45.14606321558359,63.44348067442209,53.149841258147504,70.6931281129812,74.5197989887633,64.78235282091651,92.12746977765352,72.89800484075296,81.37373808269454,75.70657147687064,89.6798237482167,75.9290344251424,83.79240039540733,88.82596189773128,82.85740948495912,95.08031061538658,96.74847228586829,105.39216485151701,97.93765407710677,97.10872862647486,112.66397636454832,89.5353306768773,104.78023374278945,120.96854130465591,115.14821874464256,126.1585147586161,129.39563464912283,113.41245851754847,130.0020135502221,135.15705469423324,154.59994500441732,130.95074059019785,129.0342707633153,154.88559500600508,156.45158012400367,158.01471206698,10.939905866992893,43.306656148707376,41.68375546659739,35.538278447227704,38.010108000204035,36.86031317535141,41.99082592090779,34.69862068924913,64.09620148191031,42.02052566657455,56.57185103387197,77.63244970894232,56.50331148483343,75.05157688701992,81.22311575495907,66.10485310346644,86.53742837245899,75.37625911924697,87.60365393500705,89.15812187269621,86.94328693461773,95.94716693013616,96.7599316656684,107.61330689221518,102.04182538359416,75.37153563635182,93.41383459726407,110.9308575478349,112.22575632645433,131.18384287721196,111.57012438395485,120.39732069202084,101.89601614654592,136.857940390649,120.97623322113681,130.78280741900664,130.8345869767276,128.61681225215202,133.51496036850313,136.50436767729917,121.99847210039528,146.51324506276015,135.60045744266628,164.60525052512276,147.5958272525572,42.09946432568388,24.049521952799537,30.583128932167444,31.805173187969274,35.53546014629303,46.541639660274626,61.75589709728745,49.23312164293754,42.532686926149566,51.12980968401632,68.6444384026457,48.85973674916579,71.62846703361829,46.97874327943802,64.38654974792192,73.81212587494699,66.6885245824881,79.01988275931174,77.0413397317404,67.2611022076856,84.90763080727828,91.7240332019472,95.85884339960288,115.30135230090896,87.08271855984492,98.18555042865954,91.74852850535264,121.29813183605367,108.92320733817743,105.80540278879111,109.065244012759,100.40747846647186,108.3611487188674,121.06232233155622,126.26351943212487,117.5811331947444,119.96567087929188,131.1646017881614,132.87572931378642,140.7767296234071,131.90160378174167,152.3469199177463,133.22313883889151,139.29005891028714,146.90423550438257,26.974670624707027,33.391575983072826,15.267595201505223,30.095177338187348,46.670254438724726,27.55672641911452,61.406046500433234,37.702062600456514,50.416755473183166,55.53655903438349,51.24107842832708,42.40145255649518,68.635888237373,69.90859405928582,69.01264567178185,67.52105208509056,79.64376497489692,66.54633149510651,54.80683683326343,85.69491585551108,92.0219113762199,72.34606200258956,85.52420853004313,88.00057331145818,87.2003901609212,102.410106339181,83.63600776220395,110.86987374051385,101.45119110642574,95.79319676451937,105.65941427616896,102.2032467478057,106.91409757404963,105.62410131723883,134.67985790575943,123.84752495765306,129.49474261426724,151.25009139290128,145.25860714278517,129.3881976964963,115.09545080256672,137.7478125911093,140.4902365982294,150.61595481766892,158.62468867110562,37.754562621066526,23.757334882960976,35.14619338113922,21.840699085399812,47.68038224668849,47.97227528368337,49.62206662667404,45.53336967422657,56.72789264199033,48.27087584506333,62.848242045630556,72.6487524696362,75.32928525322956,48.59802777122759,76.81683483239757,84.47625728893141,68.66614111973402,77.78259789172985,92.55673468986792,90.07539252167976,69.63650128718047,71.27400389450732,83.83784829967965,103.22890202792208,98.70403262414237,91.57452639250099,100.90867111853495,100.3110721920898,96.41729347741214,110.77350272300748,112.2962968667582,112.9681394083982,126.91463543060364,125.93153030366751,121.01739452674474,135.60205983042624,118.83996405112912,133.66866272109993,127.98017162867575,140.26699439412798,146.43558306463842,147.82787061898614,139.47920258456998,155.49244638334855,151.62112629876725,16.14936430696976,10.679692366768933,44.270157382805834,27.723967798003557,31.776172025999575,55.083494926741466,40.16594899873697,38.36491794120376,41.378835015477264,56.5203472025524,49.6821531295148,48.30523643285622,64.0144372350444,45.24026110943343,83.7804977987263,68.47901841527914,85.25623642338368,72.34831667662714,60.60016662237166,81.83220839073692,84.33406651550432,104.19687234405664,83.96798677510183,70.52769139764104,82.37496687151598,96.12410605962577,100.38912301714669,116.40221827392864,123.28654603745169,102.85332614850083,120.7253512322163,123.37269961440487,116.56566798582432,121.75194695482483,124.88753662592441,136.94944631896905,109.27432862011054,113.30117151269644,139.7376558871907,154.17175163663987,143.68028627437786,156.25314846434023,151.4382770417411,140.95316915000978,162.5126120206211,31.142914183974153,29.380817874668566,28.168332367181076,24.89039370836199,29.387426575256665,55.965537155083815,43.26769273721287,30.987156545736603,35.736180169866536,43.02953937819517,41.70650851515448,49.51403599011377,46.93227522039455,90.3351475277316,58.218273247730345,71.96088362926538,73.31959341443111,67.92492890237452,75.6447908975233,69.972149065242,98.2634197756465,96.66480574913976,110.56884426755664,95.26951780804282,75.49977603538923,99.9731016829473,104.5888148487743,87.7027483903092,109.6841015144247,111.88327359319827,113.43631033583833,106.33117054980018,124.82530665920132,123.50903618753372,124.37278946560033,131.6724321429698,144.69708082512437,113.63280822520491,133.81311769555555,158.3609798393098,139.55290298447224,141.43753464062235,132.61063960721216,141.40809599512718,145.01318176497773,19.71123339718427,25.11380165472307,18.61479464237739,33.039661320355385,47.00272138151304,30.62803495924231,40.326331971424686,56.34329816064864,53.97647731063947,52.96750844162199,62.922828352933834,62.41510208767189,61.335288398868066,67.51200251925091,63.68377132141064,86.11230174151467,71.76010040376376,84.42340821494984,91.67695680041184,69.81763712386889,90.91811522505132,89.99465577688034,93.19041462175491,101.9189304641445,93.04559973231898,107.66874270511087,89.10029733767911,119.50395599977554,92.38328100872688,91.75035378444036,95.38583467100236,107.77554072303275,134.9213989968347,115.35346270002059,116.05482718152375,132.65509735114628,143.90982686331034,126.11757085823507,122.38958041658209,130.96539170964894,149.0843977993454,137.6278783733338,160.93930843022346,148.42752724167917,157.48487088786024,25.431403737854023,16.050554461183957,35.75475843966001,33.61032957890518,35.02018841942974,30.143396401971785,33.231627260169375,48.175738260295184,38.35458840057406,48.947171878382534,62.64150850237645,58.141829905143624,69.03208849923061,70.34647238039543,76.69396055933514,66.46020005424347,57.28257755858757,81.61087167963385,50.52057049534457,85.57872435630206,88.63692391437591,75.10963633084347,80.79977796380992,78.5537327034319,97.75479864002767,110.18808424622176,100.01223605964434,84.48906095449925,104.06191631656411,114.18167759599746,85.38910528096599,100.55079713820787,98.86913085754388,97.27555727950158,111.34070570297898,146.0052221874734,138.104430102608,118.3356603513491,129.2953606244844,144.80394338226924,158.41607712446995,133.76624364019312,146.43402050862338,146.03516867761724,140.66563843282466,13.29487199258786,30.687696678834428,37.43834510422048,33.19088381628614,41.314951909624185,53.20791482309092,46.83727894552438,39.75504410720454,48.9796303382446,66.55349317586713,54.07654294878466,59.758022572785826,44.76956664278636,68.3981976535595,74.57292640239697,64.53438158418955,64.79089460890276,100.38527937346802,82.79592623423284,77.5283482149503,91.36336435089169,99.49553030167655,100.65349045985822,90.24832478780189,89.73616911691117,102.78812219618621,101.4895271595732,86.72440400511425,109.02436547114111,112.63901199250579,117.41947807179426,99.2668151725397,123.27899859769241,107.74809330251458,106.54734111668569,116.27395537802515,134.0778821421989,144.58937886951603,136.08171960724135,139.64785204156485,126.08461936887065,135.72430414116275,143.94334348622877,131.63285173562812,148.70304391078164,14.619347679185115,29.7428083890428,21.425842258611123,25.61107361248529,35.64161909336204,37.31758582294592,46.90309803766413,45.87184418604697,31.98210692030221,50.33260348045386,61.71522539780636,53.91250390913832,49.50121546171618,63.08367367144193,50.32558003937628,72.13426182891489,71.60604334236932,92.99336778133615,87.06790896061587,67.43076437377098,82.6491420245202,106.62372913967184,83.7534269665263,75.71605195360983,90.86541019337128,103.4253095357481,74.35751951467407,101.6829689420446,101.26194244076007,105.87002059402543,118.07404067454736,102.49413239594485,121.28460650015892,111.5822725660106,129.53549376393516,129.24738950785402,128.94001646674408,133.76121792206416,121.01618873129993,137.15856971520083,126.189645262349,157.86737698038448,137.98420940792107,133.4925428609409,150.1995409234221,30.867683457911355,27.80802086830548,32.85412364165894,35.891499832143026,36.251519468635216,46.050209587773764,55.413622353730474,58.76275853318777,60.29113858012715,59.37778493103182,50.53332157453727,57.34148763722793,64.06832961769476,45.905326252209846,84.86226565305986,64.0332387041331,71.00574603806521,78.10893340615206,64.9230216544188,71.14369982694836,70.1903138321309,100.37399603436776,99.520418415091,81.67867779655484,75.69027477006321,101.967521820206,98.07430683004296,98.59089686483485,92.4586627394215,80.06267877434915,113.0160056270099,120.38563717235733,116.79726160543761,114.53922261750678,113.54025509467047,129.8462015339248,117.9577227683732,131.65443622299625,128.6276261898764,124.32976475279237,134.21386556987335,151.58069303110182,158.6906893500859,161.25842893247926,151.22007912704464,36.667032011435765,28.88543370191645,32.14624739323203,32.01527504634712,26.95533582419428,44.49019010370688,47.06793439429187,53.207463031436376,52.35671331412059,43.997258286662,46.489535182817065,65.31110728491893,60.03429799599042,49.92377701576564,63.56459976019266,55.82868429613194,68.06868268777286,78.75798537163914,64.85062031290872,92.52713478652242,72.6505872097008,111.4698319565127,96.52199783631563,97.42691503841559,99.86397949288565,93.2305327690223,104.14348471963179,100.84931084017349,104.71609787529275,106.69276911990838,108.57878955731398,125.85318017891923,103.71885113391436,97.14621302867425,126.43301619297768,135.93919507408648,125.10106158569641,136.9255877365558,127.03377429442952,148.18784964307267,126.25578963512051,152.3734651912882,131.13126862448186,141.20661620720023,144.43586824828176,22.081034716401987,31.85116391827514,14.273554501600717,42.470962685826905,42.230098551351126,52.350698233162845,35.18110582477336,50.49177047577951,40.6973960035315,33.75530106051116,49.30553289619225,63.01039399596605,73.96845507266647,41.244733719110585,78.11985982267724,61.580205018074565,79.53354375790877,86.20725840608357,82.08913798566263,86.96832623733982,102.1475930689596,89.37204561584298,99.26802651830207,85.69001952398787,83.55261084650215,107.4740981702484,100.85527279493196,90.81565085793575,86.30880900655947,120.9817378697083,99.90249719163272,124.62242342162094,146.22574951963742,123.07647602833646,130.16747662620116,133.16668667614056,117.68283051335388,130.94713061640806,121.93525793434983,137.7310064504729,145.19823415637785,150.004126907751,148.2794685738836,152.8342412143755,152.2664303723639,27.733979444578125,31.898959935092083,37.98111160197659,43.676799014529095,39.50568486689011,29.638345374357016,45.233842180657305,43.41568049117059,47.58834012969399,42.303572019042846,47.421851502007506,60.350430939812874,64.40438203742818,64.99819515857101,55.39786044079437,56.3488365094885,50.69753086697807,66.38290602617518,89.92151292725826,74.4581281418552,84.13057616606504,73.66803480720682,78.57000697523037,93.32133778348894,103.02035991908926,107.32856359354473,113.79026379177415,89.80115596064564,99.31533675093063,116.74402308475524,98.1539112898717,128.70168698149675,122.65423196266637,123.60025266387565,129.05186871009033,128.62419827178275,131.4161470878244,124.57528488287346,138.18395404220004,141.98557387443574,125.82283066143326,132.42469732749905,142.59823202030248,128.01713446999375,140.46706179471218
